<?xml version="1.0"?>
<opencv_storage>
<descriptors type_id="opencv-matrix">
  <rows>33</rows>
  <cols>64</cols>
  <dt>f</dt>
  <data>
    0. 0. 0. 0. 5.00152167e-03 4.22275998e-03 1.61181353e-02
    2.50792969e-02 -2.93020415e-03 6.24713721e-03 4.36314456e-02
    7.26615638e-03 0. 0. 0. 0. 0. 0. 0. 0. -4.19708677e-02
    -4.77968203e-03 4.58951801e-01 1.47859052e-01 2.30093375e-02
    -2.31915694e-02 3.32007438e-01 8.00602958e-02 0. 0. 0. 0. 0. 0. 0.
    0. -6.96815699e-02 -7.36872014e-03 6.10464036e-01 1.96515694e-01
    7.85386339e-02 3.14497426e-02 4.56577390e-01 9.25263241e-02 0. 0. 0.
    0. 0. 0. 0. 0. -2.49512773e-03 -9.72978305e-05 2.23113000e-02
    1.43695315e-02 9.90538951e-03 -2.71071098e-03 6.20860420e-02
    5.32510923e-03 0. 0. 0. 0. -3.92065231e-05 -3.86728425e-05
    6.13314623e-05 8.00948110e-05 1.36903943e-02 -1.30634895e-02
    5.87293804e-02 2.50009149e-02 -1.76322181e-02 1.67804323e-02
    1.76322181e-02 1.84245221e-02 0. 0. 0. 0. 0. 0. 0. 0. 6.88018426e-02
    -3.07837687e-02 6.88018426e-02 3.07837687e-02 -2.20406335e-02
    7.72273690e-02 4.43692386e-01 2.50523299e-01 0. 0. 0. 0. 0. 0. 0. 0.
    -7.51651684e-03 1.75921805e-02 1.57229915e-01 8.84402841e-02
    2.19236195e-01 -2.22600326e-02 7.69201815e-01 2.02767476e-01
    -1.86063256e-02 9.09249857e-03 1.86063256e-02 9.09249857e-03 0. 0.
    0. 0. 0. 0. 0. 0. 2.63097212e-02 -3.13433516e-03 2.63097212e-02
    5.43606002e-03 -1.14947129e-02 2.97714211e-03 1.36365751e-02
    4.90127271e-03 0. 0. 0. 0. -3.67703219e-03 -7.33114965e-03
    1.21774517e-01 2.97262147e-02 9.04360041e-03 -6.96526701e-03
    4.63733561e-02 1.61589943e-02 0. 0. 0. 0. 0. 0. 0. 0.
    -5.17802127e-02 -1.11112893e-01 4.43173677e-01 2.38706738e-01
    1.12150401e-01 1.48879169e-02 6.08477712e-01 1.05790928e-01 0. 0. 0.
    0. 0. 0. 0. 0. -3.30221802e-02 4.48234044e-02 2.72279561e-01
    1.13224193e-01 8.38763341e-02 -3.80594581e-02 4.55139101e-01
    7.82200322e-02 0. 0. 0. 0. 0. 0. 0. 0. -1.07254647e-02
    5.79563421e-05 6.55164123e-02 8.90423171e-03 8.17309599e-03
    5.88104641e-03 4.91115712e-02 1.48883043e-02 0. 0. 0. 0. 0. 0. 0. 0.
    6.10801876e-02 -1.03331432e-02 6.10801876e-02 1.05265221e-02
    -5.31951003e-02 -3.21236486e-03 5.77393286e-02 2.72708293e-02 0. 0.
    0. 0. 0. 0. 0. 0. 1.60224419e-02 -1.49698509e-02 1.60224419e-02
    1.49698509e-02 5.53247482e-02 -1.03771850e-01 7.03498125e-01
    1.30167618e-01 0. 0. 0. 0. 0. 0. 0. 0. 0. 0. 0. 0. 1.33580357e-01
    1.18310377e-01 6.18528545e-01 1.87815994e-01 -4.71928529e-03
    2.59532058e-03 4.71928529e-03 2.59532058e-03 0. 0. 0. 0. 0. 0. 0. 0.
    3.36720534e-02 8.99463019e-04 8.59935507e-02 1.80197321e-02
    -8.64725001e-03 1.37407728e-03 8.64725001e-03 1.37407728e-03 0. 0.
    0. 0. 3.61248739e-02 5.82726020e-03 3.61248739e-02 8.51561595e-03
    -3.09850909e-02 -4.26733226e-04 7.07495511e-02 1.11641865e-02 0. 0.
    0. 0. 0. 0. 0. 0. 4.11745876e-01 1.79414507e-02 4.11745876e-01
    8.40291381e-02 -4.00077254e-01 -4.27898876e-02 4.00077254e-01
    1.05317175e-01 0. 0. 0. 0. 0. 0. 0. 0. 2.73266256e-01
    -3.10433153e-02 2.73266256e-01 6.36810362e-02 -2.74415910e-01
    -4.27125283e-02 2.74415910e-01 6.30205572e-02 0. 0. 0. 0. 0. 0. 0.
    0. 8.88598431e-03 -6.87187945e-04 2.22138371e-02 9.12518427e-03
    -1.06670344e-02 -2.92049465e-03 1.13821737e-02 3.83193907e-03 0. 0.
    0. 0. 0. 0. 0. 0. 4.34879214e-02 2.94588786e-03 4.34879214e-02
    4.28653928e-03 -3.82144637e-02 1.67256761e-02 7.06344545e-02
    1.87379811e-02 0. 0. 0. 0. 0. 0. 0. 0. 2.27192581e-01
    -1.17073664e-02 2.27192581e-01 2.45061610e-02 -1.72521606e-01
    3.83433104e-02 6.40911162e-01 1.53958648e-01 0. 0. 0. 0. 0. 0. 0. 0.
    2.12882504e-01 -3.13906814e-03 2.12882504e-01 2.61524227e-02
    -1.54181629e-01 -6.82466999e-02 5.29392362e-01 1.24773055e-01 0. 0.
    0. 0. 0. 0. 0. 0. 1.82092618e-02 -4.16518655e-04 1.82092618e-02
    9.31498688e-03 -1.12186009e-02 -1.87183367e-04 4.57960665e-02
    2.95991767e-02 0. 0. 0. 0. 0. 0. 0. 0. 0. 0. 0. 0. 1.04365423e-02
    7.99604319e-03 9.55380499e-02 1.97125264e-02 0. 0. 0. 0. 0. 0. 0. 0.
    0. 0. 0. 0. 8.81276056e-02 -4.13514264e-02 7.77048171e-01
    1.58057913e-01 0. 0. 0. 0. 0. 0. 0. 0. 0. 0. 0. 0. 1.03486128e-01
    5.13009019e-02 5.54590285e-01 1.48235083e-01 0. 0. 0. 0. 0. 0. 0. 0.
    0. 0. 0. 0. 1.34439394e-02 -1.47152669e-03 9.24357548e-02
    2.08799075e-02 0. 0. 0. 0. 0. 0. 0. 0. 0. 0. 0. 0. 8.48595705e-03
    3.89523269e-03 9.85622406e-02 1.10771395e-02 0. 0. 0. 0. 0. 0. 0. 0.
    0. 0. 0. 0. 1.06499843e-01 -1.99064286e-03 7.88368106e-01
    1.14794873e-01 0. 0. 0. 0. 0. 0. 0. 0. 0. 0. 0. 0. 1.26278609e-01
    -8.68567731e-03 5.56172967e-01 1.18146315e-01 0. 0. 0. 0. 0. 0. 0.
    0. 0. 0. 0. 0. 1.54536478e-02 6.79485779e-03 6.48903176e-02
    1.49285756e-02 0. 0. 0. 0. 0. 0. 0. 0. 2.01109261e-03
    -7.06988270e-04 2.01109261e-03 9.59946017e-04 1.75020490e-02
    7.35976268e-03 1.02823116e-01 2.11557541e-02 0. 0. 0. 0. 0. 0. 0. 0.
    0. 0. 0. 0. 1.16847754e-01 -7.09998310e-02 5.86219013e-01
    1.66405678e-01 0. 0. 0. 0. 0. 0. 0. 0. 0. 0. 0. 0. 1.42347634e-01
    2.99046300e-02 7.43862092e-01 1.37155101e-01 0. 0. 0. 0. 0. 0. 0. 0.
    0. 0. 0. 0. 1.17838373e-02 -1.81485098e-02 6.65537864e-02
    1.93595253e-02 0. 0. 0. 0. 0. 0. 0. 0. 0. 0. 0. 0. 1.74868926e-02
    1.20717287e-02 1.40152961e-01 1.55196358e-02 0. 0. 0. 0. 0. 0. 0. 0.
    0. 0. 0. 0. 1.21019639e-01 1.16921393e-02 7.08095849e-01
    1.91118911e-01 0. 0. 0. 0. 0. 0. 0. 0. 0. 0. 0. 0. 1.59083754e-01
    -1.69861708e-02 6.23952150e-01 8.72929841e-02 -3.06709507e-03
    1.98975787e-03 3.06709507e-03 1.98975787e-03 0. 0. 0. 0. 0. 0. 0. 0.
    2.06128694e-02 -1.47901671e-02 5.91535717e-02 1.49767073e-02
    -3.85345542e-03 -2.62788119e-04 3.85345542e-03 2.62788119e-04 0. 0.
    0. 0. 0. 0. 0. 0. 2.94718985e-02 1.44793028e-02 3.99325825e-02
    1.44793028e-02 -1.01387780e-02 -3.49532044e-03 1.22595094e-02
    5.50090335e-03 0. 0. 0. 0. 0. 0. 0. 0. 2.03856960e-01
    -1.80793896e-01 6.77819550e-01 4.88700718e-01 -1.96897220e-02
    -2.11744732e-03 4.65102382e-02 1.69840753e-02 0. 0. 0. 0.
    2.33636517e-02 9.09411348e-03 2.33636517e-02 1.34755820e-02
    1.42693026e-02 1.01184204e-01 4.14306283e-01 1.64972216e-01
    2.18347111e-03 -7.02604000e-03 7.02604000e-03 7.02604000e-03 0. 0.
    0. 0. 4.66640927e-02 1.71248354e-02 4.89059947e-02 2.65187565e-02
    -4.59308699e-02 -1.11957528e-02 4.59308699e-02 2.71932557e-02 0. 0.
    0. 0. 0. 0. 0. 0. 3.40475179e-02 -5.16581058e-04 3.40475179e-02
    2.40603159e-03 -2.86216531e-02 -1.97465550e-02 8.79244879e-02
    2.13349741e-02 0. 0. 0. 0. 0. 0. 0. 0. 1.84408769e-01
    -1.49052320e-02 1.84408769e-01 3.01785301e-02 -1.58515856e-01
    6.95267990e-02 4.60077077e-01 1.07043758e-01 0. 0. 0. 0. 0. 0. 0. 0.
    1.93400502e-01 -5.78051433e-03 1.93400502e-01 4.12696190e-02
    -1.50941566e-01 3.09363729e-03 7.32004762e-01 1.06666557e-01 0. 0.
    0. 0. 0. 0. 0. 0. 5.69073483e-03 -2.09370948e-04 5.69073483e-03
    2.95005320e-03 1.07967155e-03 -1.81491040e-02 1.36265859e-01
    2.29280610e-02 0. 0. 0. 0. 0. 0. 0. 0. 0. 0. 0. 0. 5.78149632e-02
    1.00040389e-02 8.81218165e-02 1.25945490e-02 -1.55842723e-02
    -6.70917856e-04 1.55842723e-02 1.77319010e-03 0. 0. 0. 0. 0. 0. 0.
    0. 3.42270046e-01 -8.27816799e-02 7.33133912e-01 1.48336828e-01
    -5.67030832e-02 -1.27699943e-02 5.67030832e-02 1.27699943e-02 0. 0.
    0. 0. 0. 0. 0. 0. 1.26036137e-01 -5.51102795e-02 4.75791126e-01
    2.19116986e-01 -3.98331526e-04 -3.98331526e-04 3.98331526e-04
    3.98331526e-04 0. 0. 0. 0. 2.42532362e-04 1.41164317e-04
    2.42532362e-04 1.41164317e-04 6.53122691e-03 -5.97177888e-04
    6.70484602e-02 6.75569987e-03 0. 0. 0. 0. 0. 0. 0. 0. 3.63923347e-04
    6.10613870e-03 3.87957692e-02 7.45354174e-03 4.29898174e-03
    1.94687815e-03 7.05059990e-02 1.30480742e-02 0. 0. 0. 0. 0. 0. 0. 0.
    -1.88784618e-02 4.15267702e-03 6.86862707e-01 9.60895196e-02
    1.32398028e-02 4.91703749e-02 4.08270717e-01 1.47399291e-01 0. 0. 0.
