<?xml version="1.0"?>
<opencv_storage>
<descriptors type_id="opencv-matrix">
  <rows>7</rows>
  <cols>64</cols>
  <dt>f</dt>
  <data>
    0. 0. 0. 0. 0. 0. 0. 0. 4.45474088e-02 3.88100138e-03 6.88906163e-02
    1.69065371e-02 -5.42266236e-04 -7.09195330e-04 7.35539477e-04
    2.00738711e-03 0. 0. 0. 0. 0. 0. 0. 0. 3.24785620e-01 5.02791163e-03
    6.42183185e-01 1.15643539e-01 -4.47771931e-03 -2.85543455e-03
    5.03672706e-03 6.14211475e-03 0. 0. 0. 0. 0. 0. 0. 0. 3.35196465e-01
    2.51896456e-02 5.76384962e-01 9.34740081e-02 -5.90676954e-03
    1.57441525e-03 8.77326261e-03 4.49703401e-03 0. 0. 0. 0. 0. 0. 0. 0.
    5.01921177e-02 -1.61464177e-02 6.44690841e-02 2.30466295e-02
    -4.08572145e-03 1.33136206e-03 4.23562061e-03 1.35740242e-03 0. 0.
    0. 0. 0. 0. 0. 0. 4.47841622e-02 1.39758354e-02 6.43217787e-02
    1.58292893e-02 -1.87283021e-03 -2.34348990e-05 2.09560874e-03
    9.14619071e-04 0. 0. 0. 0. 0. 0. 0. 0. 3.30312431e-01 2.22856272e-03
    6.22525036e-01 1.17538415e-01 -1.10007636e-02 -4.26421547e-03
    1.14629632e-02 7.25619495e-03 0. 0. 0. 0. 0. 0. 0. 0. 3.61380368e-01
    3.45313735e-02 5.68321645e-01 1.36298731e-01 -2.12052241e-02
    2.57646968e-03 2.12250240e-02 3.54862306e-03 0. 0. 0. 0. 0. 0. 0. 0.
    5.55683896e-02 2.61049950e-04 7.03615397e-02 1.55966813e-02
    -5.36366412e-03 4.71691194e-04 5.42678777e-03 6.25771412e-04 0. 0.
    0. 0. 0. 0. 0. 0. 4.39357646e-02 1.77513901e-02 8.60911682e-02
    2.51459051e-02 2.64703063e-04 -5.13419836e-05 2.64703063e-04
    1.02556380e-03 0. 0. 0. 0. 0. 0. 0. 0. 3.02636713e-01
    -7.14957789e-02 4.97276694e-01 9.13641229e-02 0. 1.32089434e-03 0.
    1.32089434e-03 0. 0. 0. 0. 0. 0. 0. 0. 3.78734022e-01 1.11200556e-01
    6.65402114e-01 1.58399358e-01 -1.97514286e-03 5.57383231e-04
    1.97514286e-03 1.19902547e-02 0. 0. 0. 0. 0. 0. 0. 0. 5.85669354e-02
    -9.02225263e-03 9.91630331e-02 1.47552751e-02 -3.63081170e-04
    7.62959826e-04 3.63081170e-04 1.76824210e-03 0. 0. 0. 0. 0. 0. 0. 0.
    5.13345934e-02 6.93057152e-03 1.19843490e-01 1.61249060e-02
    -4.52122651e-03 -5.30952588e-04 4.70027421e-03 6.86773157e-04 0. 0.
    0. 0. 0. 0. 0. 0. 3.20768237e-01 -5.91619350e-02 6.93289936e-01
    1.51346549e-01 -1.50820129e-02 -6.79606805e-04 1.55195938e-02
    2.62728310e-03 0. 0. 0. 0. 0. 0. 0. 0. 2.89983362e-01 2.53086090e-02
    5.19639313e-01 7.39694759e-02 -5.47606777e-03 9.68541892e-04
    5.85106807e-03 2.90003186e-03 0. 0. 0. 0. 9.38982557e-05
    5.00736460e-05 9.38982557e-05 5.00736460e-05 6.59721419e-02
    2.84480546e-02 7.52850473e-02 3.07315718e-02 -6.18685829e-03
    5.19622397e-03 6.23433385e-03 6.86944881e-03 0. 0. 0. 0. 0. 0. 0. 0.
    4.44728136e-02 6.76795561e-03 8.12976360e-02 1.02559933e-02
    -1.84291464e-04 -7.72381900e-04 1.88301623e-04 1.51441770e-03 0. 0.
    0. 0. 0. 0. 0. 0. 3.21482509e-01 5.76982228e-03 5.89866579e-01
    1.06883660e-01 -4.69614146e-03 1.39875585e-04 5.80532197e-03
    4.92106378e-03 0. 0. 0. 0. 0. 0. 0. 0. 3.40163171e-01 1.36627606e-03
    6.28054559e-01 1.10138811e-01 -9.20754299e-03 2.17559352e-03
    1.09594939e-02 4.50201938e-03 0. 0. 0. 0. 0. 0. 0. 0. 4.37383614e-02
    -2.74288431e-02 4.87260558e-02 2.82756351e-02 -5.37482789e-03
    1.40324596e-03 5.47321839e-03 1.46708987e-03 0. 0. 0. 0. 0. 0. 0. 0.
    3.40272598e-02 4.06533517e-02 4.30598632e-02 4.06533517e-02
    9.60103993e-04 4.55879234e-03 1.30421098e-03 5.37784956e-03 0. 0. 0.
    0. 0. 0. 0. 0. 3.48439515e-01 7.32563715e-03 6.09277725e-01
    5.55390902e-02 -2.60778842e-03 -6.60274271e-03 3.32856807e-03
    1.50486771e-02 0. 0. 0. 0. 0. 0. 0. 0. 3.52897763e-01 4.77533508e-03
    5.90429187e-01 1.24875806e-01 2.08810042e-03 1.80204166e-03
    2.69309990e-03 5.73312910e-03 0. 0. 0. 0. 0. 0. 0. 0. 4.58435118e-02
    -2.67060418e-02 7.09725097e-02 3.00215576e-02 -1.41762628e-03
    1.90870650e-03 1.73097686e-03 2.19306536e-03 0. 0. 0. 0. 0. 0. 0. 0.
    3.79957259e-02 -5.99068357e-03 6.62551150e-02 6.62527559e-03
    -4.02917882e-04 2.53727630e-04 5.04250696e-04 6.72506634e-04 0. 0.
    0. 0. 0. 0. 0. 0. 4.24797505e-01 4.31047902e-02 5.70268393e-01
    9.27028432e-02 -5.25623411e-02 3.44058149e-03 5.25623411e-02
    1.53228957e-02 0. 0. 0. 0. 0. 0. 0. 0. 3.94643098e-01
    -7.20637068e-02 5.38302302e-01 1.29590780e-01 -3.76369357e-02
    -2.51732621e-04 3.76369357e-02 1.24710845e-02 0. 0. 0. 0. 0. 0. 0.
    0. 1.17875524e-02 -2.57150829e-02 1.17875524e-02 2.57150829e-02
    8.89357878e-04 -7.49212224e-03 8.89357878e-04 7.51690753e-03</data></descriptors>
</opencv_storage>
