<?xml version="1.0"?>
<opencv_storage>
<descriptors type_id="opencv-matrix">
  <rows>6</rows>
  <cols>64</cols>
  <dt>f</dt>
  <data>
    0. 0. 0. 0. 0. 0. 0. 0. 3.27897631e-02 5.60788298e-03 5.33535480e-02
    7.54610635e-03 -3.81144043e-03 -2.44240189e-04 4.78107808e-03
    7.31789740e-04 0. 0. 0. 0. 0. 0. 0. 0. 2.15047821e-01
    -4.70308028e-02 6.82945549e-01 1.30725428e-01 -7.41194282e-03
    -1.19818200e-03 8.26681033e-03 2.52848887e-03 0. 0. 0. 0. 0. 0. 0.
    0. 1.94169119e-01 2.18716860e-02 6.39733553e-01 7.95082077e-02
    8.73277895e-03 1.48526067e-02 1.37495920e-02 1.84102766e-02 0. 0. 0.
    0. 0. 0. 0. 0. 3.52177396e-02 2.20057787e-03 8.89076814e-02
    1.00155817e-02 1.59891555e-03 9.61658719e-04 4.30224882e-03
    1.45062106e-03 0. 0. 0. 0. 0. 0. 0. 0. 3.66988964e-02 1.91171914e-02
    6.51396811e-02 2.07819659e-02 -4.71198116e-04 -3.67999979e-04
    1.01159152e-03 7.64947676e-04 0. 0. 0. 0. 0. 0. 0. 0. 2.86710799e-01
    -4.70259152e-02 6.66652441e-01 1.44765764e-01 9.63667408e-04
    1.84958262e-04 3.26170214e-03 3.07425787e-03 0. 0. 0. 0. 0. 0. 0. 0.
    3.34549397e-01 4.57017198e-02 5.57799518e-01 9.43069234e-02
    -8.61555710e-03 3.38340662e-02 1.09527335e-02 3.84921767e-02 0. 0.
    0. 0. 0. 0. 0. 0. 5.68129309e-02 -1.26913330e-02 5.72565123e-02
    1.56514496e-02 -2.20708875e-03 1.11132773e-04 2.42439192e-03
    1.73094368e-03 0. 0. 0. 0. 0. 0. 0. 0. 5.72022647e-02 1.79127511e-02
    1.08401380e-01 2.52168886e-02 -1.27954129e-03 -3.57495650e-04
    1.39112945e-03 1.03014777e-03 0. 0. 0. 0. 0. 0. 0. 0. 3.72664601e-01
    -2.17089932e-02 5.30525029e-01 1.39110073e-01 8.09375569e-03
    4.41400521e-02 2.00834088e-02 4.72094864e-02 0. 0. 0. 0. 0. 0. 0. 0.
    4.98222739e-01 -2.01914478e-02 5.14151216e-01 1.29931837e-01
    -2.09189560e-02 3.52579728e-03 2.12615822e-02 1.74627043e-02 0. 0.
    0. 0. 0. 0. 0. 0. 6.20868988e-02 -8.96322262e-03 6.21605627e-02
    1.74773205e-02 -2.23670650e-04 -7.74374348e-04 7.33119610e-04
    5.56719303e-03 0. 0. 0. 0. 0. 0. 0. 0. 3.72334644e-02 1.16469134e-02
    7.79115930e-02 1.67870261e-02 -1.46966209e-04 2.21358845e-04
    3.23908054e-04 2.21358845e-04 0. 0. 0. 0. 0. 0. 0. 0. 3.14125955e-01
    -2.06545983e-02 6.56735003e-01 1.29024118e-01 -2.48703710e-03
    -3.00828891e-04 3.02505400e-03 3.56605928e-03 0. 0. 0. 0. 0. 0. 0.
    0. 4.22478318e-01 1.63339842e-02 4.85703677e-01 1.38773277e-01
    -8.94434843e-03 4.45973985e-02 9.04736947e-03 4.60737944e-02 0. 0.
    0. 0. 0. 0. 0. 0. 5.56890331e-02 -1.51925525e-02 5.57127446e-02
    1.88769791e-02 1.47882063e-04 -5.96613507e-04 7.78073038e-04
    7.74830300e-03 0. 0. 0. 0. 0. 0. 0. 0. 2.46600751e-02 3.07680736e-03
    2.89065633e-02 1.16736842e-02 5.75718041e-05 2.44983064e-04
    9.63765924e-05 7.62169715e-04 0. 0. 0. 0. 0. 0. 0. 0. 3.08575958e-01
    4.43705134e-02 5.59673011e-01 2.02198118e-01 -8.20935424e-03
    2.60697841e-03 9.53448936e-03 6.16872124e-03 0. 0. 0. 0. 0. 0. 0. 0.
    3.47100019e-01 4.84921299e-02 6.16766810e-01 1.72677934e-01
    -1.62392817e-02 2.80561531e-03 2.42574438e-02 8.84174276e-03 0. 0.
    0. 0. 0. 0. 0. 0. 6.02943115e-02 -1.80348270e-02 8.97829086e-02
    2.51269713e-02 -1.04575818e-02 1.62500888e-03 1.20595153e-02
    1.82483555e-03 0. 0. 0. 0. 0. 0. 0. 0. 4.40629721e-02 1.43597983e-02
    8.59883502e-02 2.02767421e-02 3.91415000e-04 8.93295568e-04
    4.26415500e-04 1.44688529e-03 0. 0. 0. 0. 0. 0. 0. 0. 3.52796853e-01
    -1.98085676e-03 5.61809659e-01 1.66331992e-01 -6.83148066e-03
    4.83773462e-02 7.29032932e-03 5.11850268e-02 0. 0. 0. 0. 0. 0. 0. 0.
    4.86495882e-01 -1.38634387e-02 5.10820210e-01 1.08535133e-01
    -1.00403810e-02 5.37956320e-03 1.06046554e-02 1.91559661e-02 0. 0.
    0. 0. 0. 0. 0. 0. 5.11348844e-02 -2.86397375e-02 5.11348844e-02
    2.86397375e-02 5.33571932e-04 -8.66096094e-03 6.93613430e-04
    8.67013074e-03</data></descriptors>
</opencv_storage>
