<?xml version="1.0"?>
<opencv_storage>
<descriptors type_id="opencv-matrix">
  <rows>27</rows>
  <cols>64</cols>
  <dt>f</dt>
  <data>
    0. 0. 0. 0. 4.09288779e-02 3.58686876e-03 4.09288779e-02
    3.58686876e-03 -3.36752310e-02 -3.73604009e-03 1.04232647e-01
    8.83131847e-03 0. 0. 0. 0. 0. 0. 0. 0. 2.30459407e-01 8.30866247e-02
    2.91145414e-01 8.92032236e-02 -2.12140977e-01 2.22887769e-02
    6.01152718e-01 1.07192449e-01 0. 0. 0. 0. 0. 0. 0. 0. 2.83905357e-01
    -1.18601620e-01 2.83905357e-01 1.24097109e-01 -2.68914640e-01
    -8.63773972e-02 3.63062859e-01 8.87690559e-02 0. 0. 0. 0. 0. 0. 0.
    0. 2.38506775e-02 6.48907106e-03 2.38506775e-02 7.50362733e-03
    -2.18331981e-02 6.55291090e-03 3.72768641e-02 1.15474975e-02 0. 0.
    0. 0. 0. 0. 0. 0. 1.15595141e-03 -3.21946642e-03 6.92356676e-02
    1.93586834e-02 -3.16181825e-03 -9.22739506e-03 1.04605574e-02
    1.18706692e-02 0. 0. 0. 0. 0. 0. 0. 0. 2.22616196e-02
    -3.56157706e-03 4.71344203e-01 4.13412452e-02 -1.13702267e-02
    1.11444332e-01 6.77840412e-01 1.35997415e-01 0. 0. 0. 0. 0. 0. 0. 0.
    1.02212615e-01 -3.05855926e-02 2.52806604e-01 1.14958256e-01
    -1.01696245e-01 -1.36928827e-01 3.73398602e-01 1.50110334e-01 0. 0.
    0. 0. 0. 0. 0. 0. -1.15268202e-04 -2.51230504e-03 2.51230504e-03
    2.51230504e-03 0. 0. 0. 0. 1.23609407e-05 3.84139003e-06
    1.23609407e-05 1.23609407e-05 0. 0. 0. 0. 3.86242056e-04
    3.86242056e-04 3.86242056e-04 3.86242056e-04 2.58594798e-03
    8.59905314e-03 1.87873710e-02 8.59905314e-03 0. 0. 0. 0. 0. 0. 0. 0.
    2.31733292e-01 3.46290842e-02 2.31733292e-01 6.44257516e-02
    -1.53373033e-01 1.03242293e-01 3.22780699e-01 2.13983834e-01 0. 0.
    0. 0. 0. 0. 0. 0. 2.33195454e-01 -2.94326171e-02 2.33195454e-01
    2.94326171e-02 -1.34279460e-01 -7.08518028e-02 7.38591373e-01
    1.47759780e-01 0. 0. 0. 0. 0. 0. 0. 0. 3.86242056e-04
    -3.86242056e-04 3.86242056e-04 3.86242056e-04 9.46050510e-03
    -4.53412253e-03 3.85308415e-02 9.54409409e-03 -9.79689765e-04
    4.83284530e-04 9.79689765e-04 4.83284530e-04 -6.70822410e-05
    -3.38028731e-05 6.70822410e-05 1.25792838e-04 0. 0. 0. 0.
    5.09074998e-05 1.10954442e-03 1.10954442e-03 1.10954442e-03 0. 0. 0.
    0. 0. 0. 0. 0. 1.32410377e-01 1.52594313e-01 4.02804345e-01
    1.61795825e-01 -1.34462714e-01 4.25923094e-02 2.66871184e-01
    1.11266226e-01 0. 0. 0. 0. 0. 0. 0. 0. 3.51839401e-02
    -1.45170316e-01 5.63741386e-01 1.46845818e-01 -3.61733586e-02
    -6.87906798e-03 5.36872625e-01 3.82463746e-02 0. 0. 0. 0. 0. 0. 0.
    0. 7.00365053e-03 2.29773913e-02 5.34791909e-02 3.23486850e-02
    -5.56411175e-03 1.23337163e-02 9.09628496e-02 3.97854820e-02 0. 0.
    0. 0. 0. 0. 0. 0. 0. 0. 0. 0. 7.94898951e-04 5.95737575e-03
    1.29257776e-02 5.95737575e-03 0. 0. 0. 0. 0. 0. 0. 0. 3.29091430e-01
    5.19866385e-02 3.29091430e-01 6.74277395e-02 -2.99256772e-01
    5.96020818e-02 4.34978276e-01 1.06587939e-01 0. 0. 0. 0. 0. 0. 0. 0.
    2.64373362e-01 -5.98382428e-02 2.64373362e-01 5.98382428e-02
    -2.17563152e-01 -6.61344007e-02 5.14602065e-01 1.23452820e-01 0. 0.
    0. 0. 0. 0. 0. 0. 0. 0. 0. 0. 8.98457412e-03 1.73354987e-02
    4.97623235e-02 2.58266479e-02 0. 0. 0. 0. 0. 0. 0. 0. 4.09757197e-02
    7.88089179e-04 4.10256013e-02 2.14611087e-03 -4.40850183e-02
    3.39091220e-03 4.40850183e-02 3.39091220e-03 0. 0. 0. 0. 0. 0. 0. 0.
    3.60028297e-01 7.02497736e-03 3.60028297e-01 1.63506940e-02
    -3.70970339e-01 4.41928729e-02 3.70970339e-01 1.08500242e-01 0. 0.
    0. 0. 0. 0. 0. 0. 2.91921705e-01 -4.72038984e-02 2.91921705e-01
    5.21677658e-02 -2.83201814e-01 3.18510644e-02 3.91285151e-01
    8.74568671e-02 0. 0. 0. 0. 0. 0. 0. 0. 4.52288054e-02
    -2.75135133e-03 4.52288054e-02 7.45581836e-03 -3.63621935e-02
    1.26952752e-02 1.43303573e-01 2.59103980e-02 0. 0. 0. 0. 0. 0. 0. 0.
    0. 0. 0. 0. 7.29773613e-03 3.06593161e-03 5.88772744e-02
    2.39245575e-02 0. 0. 0. 0. 0. 0. 0. 0. 3.46925901e-03
    -5.26631577e-03 2.04983056e-02 2.71311030e-02 1.29293516e-01
    -1.23643883e-01 6.29442871e-01 2.98010826e-01 0. 0. 0. 0. 0. 0. 0.
    0. 2.86722705e-02 1.05305603e-02 2.86722705e-02 2.95249969e-02
    3.23833488e-02 8.54429826e-02 6.67158902e-01 1.28258198e-01 0. 0. 0.
    0. 0. 0. 0. 0. 2.13795416e-02 2.81043904e-04 2.13795416e-02
    5.69353811e-03 -1.88749731e-02 -2.62807030e-02 4.61269133e-02
    3.22552845e-02 0. 0. 0. 0. 0. 0. 0. 0. 1.92883778e-02
    -1.38841588e-02 1.39115483e-01 2.58351006e-02 -3.38935181e-02
    9.48038604e-03 3.93030010e-02 1.02531696e-02 0. 0. 0. 0. 0. 0. 0. 0.
    1.71717610e-02 -5.41669987e-02 6.83126450e-02 5.41669987e-02
    1.41409999e-02 -1.56044438e-02 4.82486993e-01 1.29810527e-01 0. 0.
    0. 0. 0. 0. 0. 0. -2.30660699e-02 9.53886807e-02 4.13241684e-01
    1.05984390e-01 1.01720586e-01 2.34528556e-02 6.17880881e-01
    3.43930751e-01 0. 0. 0. 0. 0. 0. 0. 0. 2.77834199e-02 5.26597397e-03
    9.41677988e-02 2.94600856e-02 -3.29249948e-02 9.40178055e-03
    3.29249948e-02 1.49069587e-02 0. 0. 0. 0. 0. 0. 0. 0. 0. 0. 0. 0.
    8.49254243e-03 1.45794898e-02 7.03729242e-02 1.63816344e-02 0. 0. 0.
    0. 0. 0. 0. 0. 0. 0. 0. 0. 1.40131652e-01 -6.68332800e-02
    7.93976128e-01 1.90279111e-01 0. 0. 0. 0. 0. 0. 0. 0. 0. 0. 0. 0.
    1.07415147e-01 5.31866290e-02 5.26937962e-01 7.74207860e-02 0. 0. 0.
    0. 0. 0. 0. 0. 1.72295817e-03 5.80568856e-04 1.72295817e-03
    1.29651988e-03 1.15305427e-02 -1.23725561e-02 7.16649517e-02
    1.82384290e-02 0. 0. 0. 0. 2.45749811e-03 -1.14263303e-03
    2.45749811e-03 1.14263303e-03 -4.06746194e-03 -1.82930136e-03
    4.06746194e-03 2.29622796e-03 1.97551097e-03 1.86133906e-02
    1.65289082e-02 1.86133906e-02 0. 0. 0. 0. 0. 0. 0. 0. 0. 0. 0. 0.
    9.10910070e-02 1.26764895e-02 5.75474560e-01 3.06498796e-01 0. 0. 0.
    0. 0. 0. 0. 0. 2.37308934e-01 6.27053306e-02 2.45552599e-01
    1.48566499e-01 -1.57025188e-01 4.64022830e-02 5.67718208e-01
    2.63627201e-01 0. 0. 0. 0. 0. 0. 0. 0. 1.44486828e-02
    -9.13034845e-03 1.44486828e-02 9.13034845e-03 -9.72619653e-03
    -5.83410123e-03 5.48376404e-02 2.12945733e-02 1.05958687e-04
    3.82565806e-04 2.84182897e-04 3.82565806e-04 1.78734390e-05
    -1.78734390e-05 1.78734390e-05 1.78734390e-05 -8.79278305e-05
    -3.56667821e-04 3.00090993e-04 3.56667821e-04 2.36823293e-03
    1.09483581e-02 5.16163521e-02 1.09483581e-02 0. 0. 0. 0. 0. 0. 0. 0.
    0. 0. 0. 0. 3.78600545e-02 -3.82425040e-02 3.97232622e-01
    8.23515952e-02 0. 0. 0. 0. 0. 0. 0. 0. -2.59034778e-03
    5.16981445e-03 5.64574189e-02 5.64574189e-02 1.09182961e-01
    1.23215497e-01 8.51669490e-01 2.54581183e-01 0. 0. 0. 0. 0. 0. 0. 0.
    7.36151938e-04 4.70127066e-04 7.36151938e-04 1.20173756e-03
    5.76030090e-03 -1.01329489e-02 6.70462772e-02 3.63457873e-02 0. 0.
    0. 0. 0. 0. 0. 0. 0. 0. 0. 0. 4.03068401e-03 1.34986741e-02
    2.34586727e-02 1.50892511e-02 0. 0. 0. 0. 0. 0. 0. 0. 0. 0. 0. 0.
    5.90918288e-02 -9.24348757e-02 5.80428183e-01 1.94424674e-01 0. 0.
    0. 0. 0. 0. 0. 0. 0. 0. 0. 0. 1.02713071e-01 1.59796610e-01
    7.02053010e-01 2.79792726e-01 -2.37346790e-03 8.01647897e-04
    2.37346790e-03 4.41393768e-03 0. 0. 0. 0. 0. 0. 0. 0. 7.94043951e-03
    -1.86540894e-02 6.06405623e-02 3.03760059e-02 0. 0. 0. 0.
    -8.00574943e-03 1.82225811e-03 1.45971291e-02 1.31631149e-02 0. 0.
    0. 0. 8.82324937e-04 -8.08424491e-04 8.82324937e-04 8.08424491e-04
    3.18043306e-03 -2.89780833e-03 5.69444848e-03 4.88252658e-03
    1.74991116e-02 -1.64830629e-02 2.21454520e-02 1.88062340e-02
    2.38689482e-01 -1.12511329e-02 3.50899428e-01 1.92883790e-01
    -2.71266967e-01 1.21403016e-01 2.71266967e-01 1.38706982e-01
    2.12265109e-03 -1.66284794e-03 2.12265109e-03 1.66284794e-03 0. 0.
    0. 0. 2.76366621e-01 -7.09445169e-03 2.76366621e-01 2.94176638e-01
    -1.72857255e-01 -3.29901790e-03 4.50472623e-01 3.50216955e-01
    -2.53569391e-02 2.01298092e-02 2.53569391e-02 2.01298092e-02 0. 0.
    0. 0. 0. 0. 0. 0. 2.45321915e-02 -2.32902989e-02 2.45321915e-02
