<?xml version="1.0"?>
<opencv_storage>
<keypoints>
  4.4055133056640625e+02 3.9273962402343750e+02 31.
  1.6875671386718750e+02 1.9588310546875000e+04 1 -1
  4.4062936401367188e+02 3.9242443847656250e+02 29.
  1.6871536254882812e+02 1.8388169921875000e+04 0 -1
  3.8827783203125000e+02 4.4451205444335938e+02 32.
  6.7350990295410156e+01 1.8164853515625000e+04 1 1
  4.4151177978515625e+02 3.2686978149414062e+02 35.
  1.0068576049804688e+02 1.7943861328125000e+04 1 -1
  4.3898480224609375e+02 3.2715090942382812e+02 42.
  1.0041603088378906e+02 1.7939582031250000e+04 1 -1
  3.7261865234375000e+02 3.1059893798828125e+02 30.
  1.0717259407043457e+01 1.7841751953125000e+04 1 -1
  4.3935711669921875e+02 3.6064096069335938e+02 35.
  9.9025177001953125e+01 1.7675603515625000e+04 1 -1
  3.7275570678710938e+02 3.1035214233398438e+02 28.
  1.4472994995117188e+02 1.7143683593750000e+04 0 -1
  4.2339080810546875e+02 4.3464285278320312e+02 46.
  2.8117584228515625e+02 1.7034685546875000e+04 1 1
  3.8670016479492188e+02 3.4462734985351562e+02 31.
  2.5580746459960938e+02 1.6762765625000000e+04 1 1
  4.0540939331054688e+02 4.4108996582031250e+02 30.
  9.9545799255371094e+01 1.6735033203125000e+04 1 -1
  4.0551165771484375e+02 4.4079827880859375e+02 28.
  9.8867729187011719e+01 1.6450294921875000e+04 0 -1
  3.8981179809570312e+02 4.2862686157226562e+02 54.
  2.6998428344726562e+02 1.5790511718750000e+04 1 1
  3.8624551391601562e+02 3.4460025024414062e+02 28.
  9.1620971679687500e+01 1.5785801757812500e+04 0 1
  3.7686224365234375e+02 4.0436614990234375e+02 55.
  3.3028769493103027e+00 1.4406578125000000e+04 1 -1
  3.9055047607421875e+02 4.2962319946289062e+02 58.
  2.6934405517578125e+02 1.3648947265625000e+04 2 1
  4.0311886596679688e+02 2.3616140747070312e+02 136.
  1.8406820678710938e+02 1.3438536132812500e+04 3 -1
  4.2551388549804688e+02 3.9569686889648438e+02 33.
  8.7647254943847656e+01 1.3317723632812500e+04 1 1
  3.7720748901367188e+02 3.2590737915039062e+02 64.
  1.0249237060546875e+02 1.3277784179687500e+04 2 -1
  3.7705120849609375e+02 3.2636541748046875e+02 60.
  1.0239888763427734e+02 1.3247271484375000e+04 1 -1
  3.7630090332031250e+02 4.0498901367187500e+02 61.
  5.4868011474609375e+00 1.2969047851562500e+04 2 -1
  4.3600939941406250e+02 4.1151812744140625e+02 63.
  1.7792207336425781e+02 1.2948157226562500e+04 2 -1
  3.8574740600585938e+02 3.1275164794921875e+02 22.
  1.0201542663574219e+02 1.2111019531250000e+04 0 1
  3.8065295410156250e+02 5.1874717712402344e+01 27.
  1.9148852539062500e+02 1.2054049804687500e+04 0 -1
  3.8071401977539062e+02 5.1946372985839844e+01 29.
  2.0228652954101562e+02 1.1980306640625000e+04 1 -1
  3.9843551635742188e+02 3.4561904907226562e+02 168.
  1.7579237365722656e+02 1.1768594726562500e+04 3 -1
  3.9637396240234375e+02 1.9737590026855469e+02 221.
  1.8075279235839844e+02 1.1760419921875000e+04 3 -1
  3.7152078247070312e+02 3.6093936157226562e+02 58.
  1.3017351150512695e+01 1.0866833007812500e+04 1 -1
  3.7194241333007812e+02 3.6061868286132812e+02 61.
  1.0150069236755371e+01 1.0585018554687500e+04 2 -1
  3.7742623901367188e+02 1.1606568908691406e+02 26.
  9.8524398803710938e+01 1.0529758789062500e+04 0 1
  3.8535302734375000e+02 4.2040728759765625e+02 23.
  2.7488220214843750e+02 1.0381357421875000e+04 0 1
  3.8271316528320312e+02 2.3778619384765625e+02 22.
  3.4911177158355713e+00 9.4479814453125000e+03 0 1
  3.7732211303710938e+02 1.1586339569091797e+02 28.
  9.9275314331054688e+01 8.9916230468750000e+03 1 1
  4.2264962768554688e+02 3.8721258544921875e+02 55.
  8.5577087402343750e+01 8.8659394531250000e+03 1 1
  3.8819128417968750e+02 3.8339117431640625e+02 42.
  9.1246452331542969e+01 8.5837392578125000e+03 1 1
  3.6512600708007812e+02 3.6360736083984375e+02 35.
  2.8331866455078125e+02 7.5943530273437500e+03 1 -1
  3.9849316406250000e+02 1.1896897125244141e+02 31.
  2.6194400787353516e+01 7.5394785156250000e+03 1 1
  3.7583099365234375e+02 1.7376962280273438e+02 22.
  3.4690209960937500e+02 7.5153574218750000e+03 0 1
  3.9880667114257812e+02 1.1887229156494141e+02 28.
  3.0437772274017334e+00 7.3228627929687500e+03 0 1
  4.2249060058593750e+02 3.8673251342773438e+02 61.
  8.6629356384277344e+01 6.8310566406250000e+03 2 1
  4.4150723266601562e+02 4.3682824707031250e+02 27.
  1.7882023620605469e+02 6.6091376953125000e+03 0 -1
  3.7860754394531250e+02 2.5399844360351562e+02 56.
  3.4821313476562500e+02 6.5957407226562500e+03 1 -1
  3.8817932128906250e+02 1.2412820434570312e+02 19.
  9.4861335754394531e+01 6.5070126953125000e+03 0 -1
  3.8226132202148438e+02 2.1623071289062500e+02 27.
  2.2620864212512970e-01 6.4035473632812500e+03 0 1
  4.1292926025390625e+02 3.6657589721679688e+02 20.
  2.6647567749023438e+02 6.3165146484375000e+03 0 1
  3.7066134643554688e+02 2.6293038940429688e+02 23.
  3.4988806152343750e+02 6.2246176757812500e+03 0 -1
  3.7981314086914062e+02 2.5254953002929688e+02 64.
  3.4580212402343750e+02 6.2070131835937500e+03 2 -1
  3.8194577026367188e+02 2.1606150817871094e+02 29.
  6.2687629461288452e-01 6.0057788085937500e+03 1 1
  3.9688940429687500e+02 9.8399932861328125e+01 27.
  2.6694791316986084e+00 5.9826875000000000e+03 0 1
  4.7333175659179688e+02 4.0237524414062500e+02 18.
  1.7972573852539062e+02 5.8085185546875000e+03 0 -1
  4.4102432250976562e+02 4.3715655517578125e+02 28.
  1.7890838623046875e+02 5.7174262695312500e+03 1 -1
  3.9694064331054688e+02 9.7986114501953125e+01 29.
  7.3116159439086914e+00 5.7012534179687500e+03 1 1
  3.7259149169921875e+02 3.4089324951171875e+02 26.
  3.5725851440429688e+02 5.6679565429687500e+03 0 -1
  4.0469305419921875e+02 2.7625000000000000e+01 43.
  1.7535632324218750e+02 5.6408935546875000e+03 1 -1
  3.9743435668945312e+02 8.0161437988281250e+01 22.
  3.4748529052734375e+02 5.5283891601562500e+03 0 1
  4.1339968872070312e+02 3.8591003417968750e+02 21.
  1.7682798767089844e+02 5.4717524414062500e+03 0 -1
  3.6023330688476562e+02 3.4704714965820312e+02 26.
  8.3517990112304688e+00 5.3277788085937500e+03 0 1
  3.5085855102539062e+02 1.1476383972167969e+02 23.
  3.5614138793945312e+02 5.3237563476562500e+03 0 1
  3.6314151000976562e+02 1.2794673919677734e+02 46.
  3.5650839233398438e+02 5.2894453125000000e+03 1 -1
  3.5989569091796875e+02 3.4649218750000000e+02 30.
  6.7518343925476074e+00 5.1214912109375000e+03 1 1
  3.4927801513671875e+02 1.1494213104248047e+02 30.
  3.5577166748046875e+02 5.0539628906250000e+03 1 1
  3.9313513183593750e+02 3.8959265136718750e+02 20.
  9.5769897460937500e+01 5.0172553710937500e+03 0 1
  3.9025216674804688e+02 1.3296580505371094e+02 22.
  1.3532838439941406e+02 4.9622148437500000e+03 0 1
  3.9477603149414062e+02 3.9773155212402344e+01 22.
  3.5507907104492188e+02 4.9130102539062500e+03 0 1
  4.0750885009765625e+02 1.0671976470947266e+02 33.
  1.6648739624023438e+02 4.8827812500000000e+03 1 -1
  3.7323501586914062e+02 3.4312588500976562e+02 23.
  3.5737231445312500e+02 4.8811201171875000e+03 0 -1
  4.0964263916015625e+02 1.0627931976318359e+02 38.
  1.6881475830078125e+02 4.7270380859375000e+03 1 -1
  3.6445700073242188e+02 1.6375897216796875e+02 40.
  3.5496487426757812e+02 4.5587519531250000e+03 1 -1
  3.7193347167968750e+02 3.3972821044921875e+02 28.
  4.2829030752182007e-01 4.5391381835937500e+03 1 -1
  3.9143856811523438e+02 2.0627343750000000e+02 25.
  3.5759542846679688e+02 4.5370029296875000e+03 0 -1
  3.8434017944335938e+02 1.0518798828125000e+02 21.
  2.5953952026367188e+02 4.4966367187500000e+03 0 -1
  3.6899273681640625e+02 7.5204025268554688e+01 33.
  1.6016595458984375e+02 4.4062998046875000e+03 1 -1
  4.0603225708007812e+02 6.6926879882812500e+01 45.
  1.7786596679687500e+02 4.3475751953125000e+03 1 -1
  3.7875796508789062e+02 1.9021902465820312e+02 15.
  1.7779083251953125e+02 4.3448183593750000e+03 0 1
  3.7067135620117188e+02 4.4129281616210938e+02 30.
  1.8192205429077148e+00 4.3263237304687500e+03 1 -1
  3.8229913330078125e+02 1.9956243896484375e+02 17.
