<?xml version="1.0"?>
<opencv_storage>
<keypoints>
  2.9567941284179688e+02 2.6192169189453125e+02 15.
  3.5426547241210938e+02 1.6176535644531250e+03 0 -1
  3.3718035888671875e+02 1.9852772521972656e+02 23.
  1.7673979187011719e+02 6.7718902587890625e+02 0 -1
  3.3341345214843750e+02 1.9860456848144531e+02 17.
  5.5443067550659180e+00 5.9247320556640625e+02 0 -1
  3.3709347534179688e+02 1.9965406799316406e+02 27.
  3.5759155273437500e+02 5.6927593994140625e+02 1 -1
  3.3418203735351562e+02 2.0057987976074219e+02 22.
  7.7057104110717773e+00 4.7231597900390625e+02 0 -1
  2.9550292968750000e+02 2.4761009216308594e+02 16.
  3.5052120685577393e+00 4.5119711303710938e+02 0 -1
  3.3789556884765625e+02 2.7244232177734375e+02 15.
  2.6231420040130615e+00 3.7437683105468750e+02 0 1
  3.3739944458007812e+02 2.1803376770019531e+02 15.
  1.0896605491638184e+01 3.5289590454101562e+02 0 1
  3.0013162231445312e+02 2.5511354064941406e+02 16.
  1.7628948974609375e+02 3.4811444091796875e+02 0 1
  3.3921575927734375e+02 2.3056446838378906e+02 15.
  1.9882267761230469e+02 3.2819271850585938e+02 0 1
  3.3956723022460938e+02 2.6077322387695312e+02 15.
  5.8030281066894531e+00 3.1031887817382812e+02 0 1
  3.4632150268554688e+02 2.7426925659179688e+02 15.
  1.9008782958984375e+02 2.8062701416015625e+02 0 1
  3.3767425537109375e+02 2.2649490356445312e+02 30.
  2.2099505615234375e+02 2.4508343505859375e+02 0 -1
  2.9103085327148438e+02 2.2309422302246094e+02 15.
  3.5794906616210938e+02 2.2378076171875000e+02 0 1
  3.3796624755859375e+02 2.6169085693359375e+02 14.
  1.4113758087158203e+01 1.8585438537597656e+02 0 1
  3.0318676757812500e+02 2.8557986450195312e+02 16.
  1.8267575073242188e+02 1.4668421936035156e+02 0 1
  3.4300134277343750e+02 2.5379171752929688e+02 15.
  1.7127806091308594e+02 1.4526815795898438e+02 0 -1
  2.9451593017578125e+02 2.8547702026367188e+02 15.
  3.5556503295898438e+02 1.4331686401367188e+02 0 1
  3.0199002075195312e+02 2.6082723999023438e+02 14.
  1.7706896972656250e+02 1.3663529968261719e+02 0 1
  2.9975140380859375e+02 2.0552770996093750e+02 15.
  1.7684169006347656e+02 1.3647088623046875e+02 0 1
  3.3562628173828125e+02 2.1424710083007812e+02 21.
  3.2493579101562500e+02 1.2793219757080078e+02 0 1
  3.3472479248046875e+02 2.2486549377441406e+02 28.
  2.0804449462890625e+02 1.1643300628662109e+02 0 -1
  3.0121267700195312e+02 2.7224139404296875e+02 15.
  1.7968119812011719e+02 1.1523215484619141e+02 0 1
  3.3678393554687500e+02 2.1099948120117188e+02 14.
  3.4072415161132812e+02 1.1463151550292969e+02 0 1
  3.3448574829101562e+02 2.1398158264160156e+02 20.
  3.4152282714843750e+02 1.1196097564697266e+02 0 1
  3.4318930053710938e+02 2.3365335083007812e+02 20.
  2.0319090270996094e+02 1.0477941894531250e+02 0 1
  2.9701556396484375e+02 2.4298162841796875e+02 28.
  1.7629229736328125e+02 1.0435573577880859e+02 0 -1</keypoints>
</opencv_storage>
