<?xml version="1.0"?>
<opencv_storage>
<keypoints>
  3.3191918945312500e+02 2.8927322387695312e+02 96.
  2.6282781982421875e+02 7.4438920898437500e+03 2 -1
  2.6491131591796875e+02 2.9763531494140625e+02 45.
  2.8116375732421875e+02 4.8667993164062500e+03 1 -1
  2.6653036499023438e+02 2.9363912963867188e+02 61.
  2.8283807373046875e+02 4.3392656250000000e+03 2 -1
  4.1249182128906250e+02 2.4797950744628906e+02 16.
  1.7916209411621094e+02 4.0768483886718750e+03 0 -1
  3.4644644165039062e+02 3.0016452026367188e+02 23.
  2.5956790161132812e+02 3.8453847656250000e+03 0 -1
  3.7651422119140625e+02 1.7911811828613281e+02 30.
  9.6108039855957031e+01 3.6260344238281250e+03 1 -1
  3.7613217163085938e+02 1.7851063537597656e+02 25.
  9.5345657348632812e+01 3.5737170410156250e+03 0 -1
  3.3741983032226562e+02 3.0072668457031250e+02 33.
  2.6512313842773438e+02 3.2731071777343750e+03 1 -1
  4.0857452392578125e+02 1.8035693359375000e+02 31.
  1.6751586914062500e+02 3.2632158203125000e+03 1 -1
  4.0900076293945312e+02 1.8067973327636719e+02 27.
  1.6708227539062500e+02 3.2438627929687500e+03 0 -1
  4.0960070800781250e+02 1.7898725891113281e+02 23.
  1.6607543945312500e+02 3.2059375000000000e+03 0 -1
  3.3557000732421875e+02 3.0220785522460938e+02 23.
  2.6822052001953125e+02 3.1910815429687500e+03 0 -1
  4.0934359741210938e+02 1.7762593078613281e+02 23.
  1.6302496337890625e+02 3.1024748535156250e+03 0 -1
  3.4547903442382812e+02 1.7872700500488281e+02 33.
  8.8509063720703125e+01 2.7965766601562500e+03 1 -1
  3.9995837402343750e+02 2.8620751953125000e+02 15.
  1.7731723022460938e+02 2.7604804687500000e+03 0 -1
  3.4716979980468750e+02 2.5512059020996094e+02 24.
  3.1420297241210938e+02 2.6479724121093750e+03 0 1
  3.0486517333984375e+02 3.0165869140625000e+02 31.
  2.7368927001953125e+02 2.5974101562500000e+03 1 -1
  3.8957690429687500e+02 2.8191198730468750e+02 60.
  1.8676019287109375e+02 2.5102128906250000e+03 2 -1
  3.8681015014648438e+02 2.8269726562500000e+02 54.
  1.8319149780273438e+02 2.5040710449218750e+03 1 -1
  3.4673019409179688e+02 2.5522903442382812e+02 27.
  3.3389459228515625e+02 2.4238588867187500e+03 1 1
  4.1068115234375000e+02 2.4341926574707031e+02 27.
  1.8023735046386719e+02 2.3346760253906250e+03 0 -1
  4.0716873168945312e+02 2.2622392272949219e+02 23.
  1.7095462036132812e+02 1.7240877685546875e+03 0 -1
  3.8097256469726562e+02 2.2780612182617188e+02 42.
  1.5796546936035156e+02 1.6732790527343750e+03 1 -1
  3.8842047119140625e+02 2.8678192138671875e+02 23.
  2.5997967529296875e+02 1.6720820312500000e+03 0 -1
  3.4163040161132812e+02 2.5640411376953125e+02 41.
  1.8145796203613281e+02 1.6435249023437500e+03 1 1
  3.1989205932617188e+02 2.9826431274414062e+02 26.
  2.6924157714843750e+02 1.5902005615234375e+03 0 -1
  2.8438937377929688e+02 2.2106228637695312e+02 48.
  1.0891202926635742e+01 1.5293305664062500e+03 1 1
  3.9648205566406250e+02 2.4247822570800781e+02 30.
  1.7900358581542969e+02 1.4873576660156250e+03 1 1
  4.1177944946289062e+02 3.0103915405273438e+02 21.
  1.9971052551269531e+02 1.4772739257812500e+03 0 -1
  3.5116201782226562e+02 2.7193588256835938e+02 32.
  1.8471270751953125e+02 1.3993371582031250e+03 1 -1
  4.0729571533203125e+02 2.2571592712402344e+02 30.
  1.7095413208007812e+02 1.3758388671875000e+03 1 -1
  2.8060971069335938e+02 2.1976644897460938e+02 63.
  2.9665460586547852e+01 1.2796724853515625e+03 2 1
  2.8756661987304688e+02 3.1358505249023438e+02 43.
  2.7356668090820312e+02 1.1605164794921875e+03 1 1
  3.2047982788085938e+02 3.1213665771484375e+02 32.
  2.6952960205078125e+02 1.0827387695312500e+03 1 1
  3.2003601074218750e+02 3.1195773315429688e+02 29.
  2.6930761718750000e+02 1.0696916503906250e+03 0 1
  3.0188061523437500e+02 1.9312197875976562e+02 59.
  6.7818351745605469e+01 1.0384055175781250e+03 2 -1
  3.0055477905273438e+02 1.9151777648925781e+02 55.
  6.6787712097167969e+01 1.0336047363281250e+03 1 -1
  3.1722720336914062e+02 1.8342195129394531e+02 29.
  8.5671279907226562e+01 1.0066343383789062e+03 0 -1
  3.1715786743164062e+02 1.8374777221679688e+02 30.
  8.3353363037109375e+01 9.8389501953125000e+02 1 -1
  3.9829598999023438e+02 2.7537628173828125e+02 16.
  1.6826434326171875e+02 9.7395056152343750e+02 0 -1
  3.9885949707031250e+02 2.1227651977539062e+02 39.
  1.6387771606445312e+02 9.4597045898437500e+02 1 1
  2.9373281860351562e+02 2.0105947875976562e+02 22.
  3.5963076782226562e+02 9.3651159667968750e+02 0 -1
  3.5911254882812500e+02 1.8823307800292969e+02 31.
  1.0121416473388672e+02 9.3344226074218750e+02 1 1
  3.5908374023437500e+02 2.5180068969726562e+02 22.
  1.9703463745117188e+02 9.2592779541015625e+02 0 -1
  3.9085012817382812e+02 2.2872418212890625e+02 21.
  1.5788247680664062e+02 9.0082836914062500e+02 0 -1
  3.9631512451171875e+02 2.7584875488281250e+02 16.
  1.6855986022949219e+02 9.0019952392578125e+02 0 -1
  2.9226501464843750e+02 2.4066448974609375e+02 31.
  4.9139358520507812e+01 8.7012982177734375e+02 1 -1
  3.5587176513671875e+02 1.8529270935058594e+02 22.
  1.0752318572998047e+02 8.5577813720703125e+02 0 1
  2.9281613159179688e+02 2.4040559387207031e+02 29.
  4.9482128143310547e+01 8.2433813476562500e+02 0 -1
  3.6930108642578125e+02 2.4572309875488281e+02 28.
  2.2671130371093750e+02 8.1394415283203125e+02 0 1
  3.5659127807617188e+02 2.9347518920898438e+02 16.
  1.9602746582031250e+02 8.0486395263671875e+02 0 -1
  3.5130535888671875e+02 2.8812820434570312e+02 21.
  1.9206115722656250e+02 7.8280578613281250e+02 0 -1
  3.6930413818359375e+02 2.4582092285156250e+02 28.
  2.2476638793945312e+02 7.8037902832031250e+02 1 1
  2.6431674194335938e+02 2.6689135742187500e+02 31.
  1.7005298614501953e+01 7.5814544677734375e+02 1 -1
  3.1275167846679688e+02 2.7405255126953125e+02 17.
  2.5109651684761047e-01 7.2942803955078125e+02 0 1
  4.1004656982421875e+02 2.0170474243164062e+02 22.
  1.8241111755371094e+02 7.1393261718750000e+02 0 -1
  3.6702462768554688e+02 2.8117498779296875e+02 28.
  1.8945452880859375e+02 7.0662554931640625e+02 1 1
  3.6881643676757812e+02 2.8394631958007812e+02 28.
  1.9096565246582031e+02 7.0350158691406250e+02 1 1
  3.1018264770507812e+02 2.8983273315429688e+02 21.
  6.0890946388244629e+00 7.0020989990234375e+02 0 1
  3.0601608276367188e+02 2.5175137329101562e+02 31.
  3.5629871368408203e+01 6.9209423828125000e+02 1 1
  3.2085684204101562e+02 3.1554943847656250e+02 42.
  2.6971002197265625e+02 6.8603436279296875e+02 1 1
  3.2621725463867188e+02 1.6698713684082031e+02 44.
  8.3932411193847656e+01 6.7360180664062500e+02 1 1
  2.9267831420898438e+02 1.8933493041992188e+02 17.
  1.9446969985961914e+01 6.6308282470703125e+02 0 -1
  3.0575613403320312e+02 2.5180105590820312e+02 29.
  4.2519035339355469e+01 6.6292169189453125e+02 0 1
  3.2760757446289062e+02 1.7033113098144531e+02 34.
  8.4481651306152344e+01 6.5005737304687500e+02 1 1
  3.2457888793945312e+02 2.0621966552734375e+02 33.
  7.9752365112304688e+01 6.4891735839843750e+02 1 -1
  2.8056149291992188e+02 1.9128578186035156e+02 30.
  2.8592691421508789e+01 6.4766992187500000e+02 1 1
  3.2466976928710938e+02 2.0624099731445312e+02 29.
  8.2292129516601562e+01 6.2004302978515625e+02 0 -1
  3.2653939819335938e+02 1.9129512023925781e+02 21.
  8.9309936523437500e+01 6.1389239501953125e+02 0 1
  3.6739254760742188e+02 2.8153512573242188e+02 29.
  1.8956542968750000e+02 6.1326568603515625e+02 0 1
  4.1814077758789062e+02 2.2677049255371094e+02 21.
  1.7371626281738281e+02 6.1012390136718750e+02 0 1
  3.5570678710937500e+02 2.8777426147460938e+02 25.
  1.9164280700683594e+02 6.0949005126953125e+02 0 -1
  3.9569985961914062e+02 2.9288092041015625e+02 15.
  2.5735522460937500e+02 5.9460186767578125e+02 0 1
  3.4086367797851562e+02 1.9366841125488281e+02 20.
  7.7215599060058594e+01 5.7074792480468750e+02 0 1
  3.4429394531250000e+02 3.0878713989257812e+02 16.
  2.6411679077148438e+02 5.7039843750000000e+02 0 1
  3.7616079711914062e+02 1.9434661865234375e+02 21.
