<?xml version="1.0"?>
<opencv_storage>
<keypoints>
  2.2208803176879883e+01 2.5525930786132812e+02 25.
  2.7122018432617188e+02 1.0335297851562500e+04 0 1
  2.2211088180541992e+01 2.5661105346679688e+02 24.
  2.7205349731445312e+02 9.9016562500000000e+03 0 1
  3.3022472381591797e+01 2.9101962280273438e+02 17.
  1.7501486206054688e+02 8.6127548828125000e+03 0 -1
  2.2045824050903320e+01 2.5551568603515625e+02 27.
  7.1528762817382812e+01 7.9174765625000000e+03 1 1
  2.2620429992675781e+01 2.3341325378417969e+02 26.
  2.8519201660156250e+02 6.6913623046875000e+03 0 1
  2.2422111511230469e+01 2.3585942077636719e+02 23.
  2.8222692871093750e+02 6.4060004882812500e+03 0 1
  3.2577377319335938e+01 2.7767504882812500e+02 17.
  1.8224084472656250e+02 6.0128159179687500e+03 0 -1
  3.3138858795166016e+01 3.0680035400390625e+02 22.
  1.8471194458007812e+02 5.8825820312500000e+03 0 -1
  2.2108552932739258e+01 2.3357630920410156e+02 28.
  2.8459179687500000e+02 5.6885092773437500e+03 1 1
  3.3458023071289062e+01 3.0358944702148438e+02 18.
  1.8329150390625000e+02 5.4870102539062500e+03 0 -1
  3.2144771575927734e+01 3.0910144042968750e+02 27.
  2.4612258911132812e+02 5.3089116210937500e+03 0 -1
  2.9784336090087891e+01 2.2150695800781250e+02 32.
  1.7517074584960938e+02 5.2333164062500000e+03 1 -1
  3.0248300552368164e+01 2.4501551818847656e+02 29.
  1.7839103698730469e+02 5.1441840820312500e+03 0 -1
  3.0111974716186523e+01 2.4461833190917969e+02 29.
  1.7794175720214844e+02 5.0799360351562500e+03 1 -1
  3.2790996551513672e+01 1.7776174926757812e+02 21.
  1.0211183166503906e+02 4.8951523437500000e+03 0 -1
  3.2492931365966797e+01 1.9565780639648438e+02 21.
  1.0666661834716797e+02 4.8932055664062500e+03 0 -1
  1.2442675590515137e+01 2.5699298095703125e+02 15.
  1.4589122009277344e+02 4.6184355468750000e+03 0 -1
  2.9863061904907227e+01 1.9559931945800781e+02 26.
  2.6527777099609375e+02 4.5110297851562500e+03 0 -1
  1.2238456726074219e+01 2.3548159790039062e+02 16.
  6.9917846679687500e+01 4.4326484375000000e+03 0 -1
  2.2094667434692383e+01 2.0910220336914062e+02 30.
  8.9359825134277344e+01 4.1424667968750000e+03 1 1
  3.2210483551025391e+01 2.1222059631347656e+02 16.
  1.6938731384277344e+02 3.9521965332031250e+03 0 -1
  2.9330678939819336e+01 1.9566627502441406e+02 29.
  2.6005911254882812e+02 3.6048193359375000e+03 1 -1
  9.2903442382812500e+01 2.8348825073242188e+02 111.
  2.6786181640625000e+02 3.2657775878906250e+03 2 -1
  9.5969032287597656e+01 2.8572592163085938e+02 122.
  2.7373889160156250e+02 3.1878803710937500e+03 3 -1
  1.7923466491699219e+02 2.8404644775390625e+02 129.
  1.8505160522460938e+02 3.1242133789062500e+03 3 -1
  2.8385263442993164e+01 2.7033209228515625e+02 41.
  1.8642044067382812e+02 3.0552473144531250e+03 1 -1
  3.1650253295898438e+01 2.6538372802734375e+02 18.
  1.8021902465820312e+02 2.9382978515625000e+03 0 -1
  3.2927642822265625e+01 2.5664834594726562e+02 15.
  1.7493276977539062e+02 2.8343474121093750e+03 0 -1
  1.6259577941894531e+02 1.8856010437011719e+02 87.
  9.1013511657714844e+01 2.4250090332031250e+03 2 -1
  2.1205200195312500e+02 3.2742422485351562e+02 15.
  1.7812356567382812e+02 2.3046586914062500e+03 0 -1
  3.7839649200439453e+01 2.8440548706054688e+02 17.
  1.7256394958496094e+02 2.1171940917968750e+03 0 1
  3.2567386627197266e+01 2.3542414855957031e+02 15.
  1.7472848510742188e+02 2.0253115234375000e+03 0 -1
  1.4081540107727051e+01 3.1325369262695312e+02 21.
  2.6864593505859375e+02 1.6304975585937500e+03 0 -1
  8.2574272155761719e+01 2.4121330261230469e+02 17.
  3.4933264160156250e+02 1.3360518798828125e+03 0 1
  4.4602069854736328e+01 2.7887677001953125e+02 56.
  1.8106661987304688e+02 1.2780184326171875e+03 1 1
  6.6802658081054688e+01 2.6622824096679688e+02 19.
  3.5688259887695312e+02 1.2197604980468750e+03 0 -1
  1.7966006469726562e+02 2.8118872070312500e+02 15.
  2.4651882934570312e+02 1.2151660156250000e+03 0 -1
  4.5967868804931641e+01 2.7887802124023438e+02 57.
  1.8143725585937500e+02 1.1894228515625000e+03 2 1
  9.4813156127929688e+01 2.2069459533691406e+02 50.
  6.3431477546691895e+00 1.1700603027343750e+03 1 -1
  1.7659475708007812e+02 2.8968002319335938e+02 16.
  2.1766406250000000e+02 1.1581115722656250e+03 0 1
  1.6189164733886719e+02 1.7265093994140625e+02 34.
  1.1601888275146484e+02 1.0858896484375000e+03 1 -1
  2.0718629455566406e+02 1.8978123474121094e+02 15.
  2.4719634056091309e+00 1.0792049560546875e+03 0 -1
  8.1084548950195312e+01 2.8460211181640625e+02 16.
  3.5687185668945312e+02 1.0726102294921875e+03 0 -1
  7.8745086669921875e+01 3.0046136474609375e+02 44.
  3.4531915283203125e+02 1.0313334960937500e+03 1 -1
  6.5301918029785156e+01 2.3497932434082031e+02 22.
  3.5574438476562500e+02 1.0179917602539062e+03 0 -1
  1.5975431823730469e+02 1.7023703002929688e+02 21.
  5.9773273468017578e+01 9.5471099853515625e+02 0 -1
  9.0727989196777344e+01 2.0249620056152344e+02 109.
  8.6314735412597656e+01 9.0535424804687500e+02 2 -1
  2.1370332336425781e+02 1.9008381652832031e+02 29.
  1.7103564453125000e+02 9.0235186767578125e+02 0 -1
  3.9001152038574219e+01 2.0489550781250000e+02 25.
  1.5770620727539062e+02 8.6141735839843750e+02 0 1
  6.1098781585693359e+01 1.9464710998535156e+02 35.
  7.6585731506347656e+00 8.5053552246093750e+02 1 -1
  9.2626144409179688e+01 2.0356958007812500e+02 119.
  8.8729705810546875e+01 8.4522912597656250e+02 3 -1
  8.1339859008789062e+01 2.3123312377929688e+02 15.
  5.7313184738159180e+00 8.4459295654296875e+02 0 1
  1.6634378051757812e+02 2.8200088500976562e+02 17.
  3.5204086303710938e+02 8.4092846679687500e+02 0 -1
  2.1244171142578125e+02 1.9013710021972656e+02 33.
  1.6994438171386719e+02 8.2681262207031250e+02 1 -1
  7.3607894897460938e+01 1.9881935119628906e+02 23.
  2.7403478622436523e+00 8.2243566894531250e+02 0 1
  3.8916038513183594e+01 1.8681819152832031e+02 26.
  1.0831049346923828e+02 8.2107360839843750e+02 0 1
  7.4181282043457031e+01 2.0158143615722656e+02 22.
  3.5995285034179688e+02 8.0083715820312500e+02 0 1
  1.8487144470214844e+02 2.2225163269042969e+02 17.
  3.0160949707031250e+02 7.9678967285156250e+02 0 -1
  6.3364345550537109e+01 2.7518658447265625e+02 16.
  3.5315585327148438e+02 7.9166259765625000e+02 0 1
  6.6427391052246094e+01 2.4848359680175781e+02 24.
  3.5807617187500000e+02 7.6126354980468750e+02 0 -1
  8.6281784057617188e+01 2.4859704589843750e+02 16.
  9.0680561065673828e+00 7.6084454345703125e+02 0 -1
  8.7831283569335938e+01 2.3574229431152344e+02 17.
  3.5988629150390625e+02 7.5420562744140625e+02 0 -1
  7.6798179626464844e+01 2.5616714477539062e+02 16.
  3.8767261505126953e+00 7.5085809326171875e+02 0 -1
  2.0734103393554688e+02 1.7701144409179688e+02 15.
  2.4998392105102539e+01 7.4520452880859375e+02 0 -1
  7.9767890930175781e+01 2.2438905334472656e+02 26.
  3.5597009277343750e+02 7.4487335205078125e+02 0 1
  1.5723899841308594e+02 2.8934390258789062e+02 21.
  3.5245590209960938e+02 7.3284448242187500e+02 0 1
  1.7723895263671875e+02 2.9649011230468750e+02 18.
  2.5858843994140625e+02 7.3029858398437500e+02 0 1
  1.6982823181152344e+02 2.8249325561523438e+02 14.
  2.1657031250000000e+02 7.2426068115234375e+02 0 -1
  1.5944015502929688e+02 3.0848751831054688e+02 24.
  2.9371936035156250e+02 6.9208435058593750e+02 0 1
  6.6985107421875000e+01 2.4574371337890625e+02 16.
  3.5766799926757812e+02 6.6625762939453125e+02 0 -1
  4.0367683410644531e+01 2.0490591430664062e+02 33.
  1.6714962768554688e+02 6.4324945068359375e+02 1 1
  5.9232933044433594e+01 2.4296215820312500e+02 17.
  3.5472497558593750e+02 6.3461456298828125e+02 0 1
  1.0940541839599609e+02 2.7402224731445312e+02 35.
  1.3736941528320312e+02 6.3048120117187500e+02 1 -1
  7.4403434753417969e+01 2.2663262939453125e+02 22.
  3.5444247436523438e+02 6.2839282226562500e+02 0 1
  2.0861395263671875e+02 1.7247383117675781e+02 50.
  1.6008891296386719e+02 6.2342236328125000e+02 1 -1
  8.1910507202148438e+01 2.2250495910644531e+02 14.
