<?xml version="1.0"?>
<opencv_storage>
<keypoints>
  3.4620352172851562e+02 4.4224960327148438e+02 27.
  9.1507858276367188e+01 1.8967431640625000e+03 0 -1
  2.9935348510742188e+02 4.4473873901367188e+02 43.
  2.7832757568359375e+02 1.6589543457031250e+03 1 -1
  3.4541345214843750e+02 4.4161718750000000e+02 32.
  9.4014373779296875e+01 1.6282528076171875e+03 1 -1
  2.8509448242187500e+02 2.5490876770019531e+02 44.
  8.0665618896484375e+01 9.5666766357421875e+02 1 -1
  3.4030725097656250e+02 3.2002282714843750e+02 65.
  1.6801310729980469e+02 8.9322320556640625e+02 2 -1
  3.3092486572265625e+02 3.2436712646484375e+02 100.
  1.7102621459960938e+02 8.8922045898437500e+02 2 -1
  2.9787280273437500e+02 2.5976425170898438e+02 22.
  9.2189796447753906e+01 8.8240411376953125e+02 0 -1
  2.8113500976562500e+02 3.3964614868164062e+02 15.
  2.5370365381240845e-01 8.6054217529296875e+02 0 -1
  2.9464166259765625e+02 4.4069070434570312e+02 17.
  1.4977784156799316e+01 8.5502465820312500e+02 0 -1
  3.2264904785156250e+02 3.2449954223632812e+02 110.
  1.6833926391601562e+02 8.2456958007812500e+02 2 -1
  3.3026559448242188e+02 3.1916778564453125e+02 86.
  1.6919688415527344e+02 8.2136865234375000e+02 2 -1
  3.5218487548828125e+02 2.8417370605468750e+02 17.
  1.7805819702148438e+02 8.0078167724609375e+02 0 -1
  3.4895626831054688e+02 4.0142471313476562e+02 60.
  1.8502799987792969e+02 7.9503741455078125e+02 2 -1
  3.5033349609375000e+02 4.0113174438476562e+02 56.
  1.8327868652343750e+02 7.9004809570312500e+02 1 -1
  3.4020230102539062e+02 2.5484222412109375e+02 29.
  1.0554164123535156e+02 7.7148254394531250e+02 1 -1
  3.4072030639648438e+02 2.5483340454101562e+02 28.
  1.0213235473632812e+02 7.5459680175781250e+02 0 -1
  2.9196481323242188e+02 2.6815811157226562e+02 88.
  1.5870934486389160e+01 7.4830853271484375e+02 2 -1
  3.3975408935546875e+02 2.5680422973632812e+02 22.
  1.0616859436035156e+02 7.3744378662109375e+02 0 -1
  3.4994030761718750e+02 3.3869104003906250e+02 16.
  1.7172047424316406e+02 6.9706994628906250e+02 0 -1
  3.0631976318359375e+02 2.6720419311523438e+02 113.
  1.6802785873413086e+01 6.8728027343750000e+02 2 -1
  3.5372097778320312e+02 3.7018621826171875e+02 15.
  1.7953750610351562e+02 6.6723754882812500e+02 0 -1
  3.1158557128906250e+02 2.6785610961914062e+02 130.
  1.7909126281738281e+01 6.5918023681640625e+02 3 -1
  2.8191262817382812e+02 2.8102227783203125e+02 32.
  3.5711349487304688e+02 6.4884753417968750e+02 1 -1
  2.8116619873046875e+02 2.8132174682617188e+02 28.
  3.5878598022460938e+02 6.3050628662109375e+02 0 -1
  2.8232220458984375e+02 3.5604830932617188e+02 23.
  3.5985568237304688e+02 6.2091790771484375e+02 0 -1
  3.2619577026367188e+02 2.8742587280273438e+02 21.
  8.9055503845214844e+01 6.1756677246093750e+02 0 1
  2.8927218627929688e+02 2.5926071166992188e+02 14.
  2.6885354614257812e+02 6.1719915771484375e+02 0 -1
  3.1021981811523438e+02 2.5703381347656250e+02 16.
  8.9237495422363281e+01 6.0474334716796875e+02 0 -1
  3.4531048583984375e+02 3.6332232666015625e+02 55.
  1.7669218444824219e+02 5.8795959472656250e+02 1 -1
  2.8161169433593750e+02 2.9744287109375000e+02 15.
  5.1269125938415527e+00 5.8158941650390625e+02 0 -1
  3.7382043457031250e+02 4.6122329711914062e+02 21.
  2.3670254516601562e+02 5.5336468505859375e+02 0 1
  3.1028778076171875e+02 2.6061816406250000e+02 15.
  2.7250939941406250e+02 5.3794842529296875e+02 0 -1
  2.8715716552734375e+02 3.6272726440429688e+02 52.
  3.5941650390625000e+02 5.3128442382812500e+02 1 -1
  3.5669149780273438e+02 4.6166058349609375e+02 16.
  2.9072546386718750e+02 5.1604138183593750e+02 0 1
  2.8120138549804688e+02 2.6087387084960938e+02 23.
  7.5668883323669434e+00 4.9552398681640625e+02 0 -1
  2.8921078491210938e+02 4.0121008300781250e+02 60.
  3.5163964843750000e+02 4.8951626586914062e+02 2 -1
  3.5191900634765625e+02 4.6235449218750000e+02 27.
  2.7289175415039062e+02 4.8838217163085938e+02 0 1
  2.8272659301757812e+02 3.2184692382812500e+02 22.
  7.9348450899124146e-01 4.8488833618164062e+02 0 -1
  3.5460864257812500e+02 4.6135946655273438e+02 20.
  2.7762988281250000e+02 4.8037582397460938e+02 0 1
  3.4608706665039062e+02 3.1946380615234375e+02 22.
  1.7450080871582031e+02 4.5967712402343750e+02 0 -1
  2.8913861083984375e+02 3.6360574340820312e+02 61.
  3.5958306884765625e+02 4.5135208129882812e+02 2 -1
  3.4462326049804688e+02 3.6245303344726562e+02 59.
  1.7622874450683594e+02 4.4808627319335938e+02 2 -1
  2.8867080688476562e+02 3.1678973388671875e+02 58.
  5.8975976705551147e-01 4.0761746215820312e+02 2 -1
  3.4324359130859375e+02 3.1882955932617188e+02 28.
  1.7233528137207031e+02 4.0591482543945312e+02 0 -1
  3.5000344848632812e+02 3.5649243164062500e+02 27.
  1.7029750061035156e+02 3.8168161010742188e+02 0 -1
  2.8007293701171875e+02 2.8487988281250000e+02 16.
  3.5008163452148438e+02 3.8112197875976562e+02 0 -1
  2.8475097656250000e+02 3.1487112426757812e+02 35.
  6.1660461425781250e+00 3.7355700683593750e+02 1 -1
  3.6903710937500000e+02 4.6005300903320312e+02 17.
  2.3323573303222656e+02 3.6854626464843750e+02 0 1
  3.2006112670898438e+02 2.9513589477539062e+02 16.
  9.0421417236328125e+01 3.6299606323242188e+02 0 -1
  3.0428979492187500e+02 3.4024478149414062e+02 16.
  2.7587503051757812e+02 3.5338894653320312e+02 0 -1
  2.9626858520507812e+02 3.9460092163085938e+02 84.
  3.5707760620117188e+02 3.2462066650390625e+02 2 -1
  3.2734967041015625e+02 2.6514099121093750e+02 15.
  8.8415512084960938e+01 3.0630603027343750e+02 0 1
  3.1520095825195312e+02 2.6626635742187500e+02 16.
  8.6184638977050781e+01 2.9136270141601562e+02 0 1
  3.1928787231445312e+02 3.6938406372070312e+02 21.
  2.6033432006835938e+02 2.7692175292968750e+02 0 -1
  2.9409127807617188e+02 2.6775595092773438e+02 20.
  2.7038055419921875e+02 2.5465051269531250e+02 0 1
  3.0537738037109375e+02 4.4371664428710938e+02 16.
  1.0139306640625000e+02 2.4683140563964844e+02 0 -1
  3.3675079345703125e+02 3.6942413330078125e+02 22.
  3.2904876708984375e+02 2.4471835327148438e+02 0 -1
  2.8994134521484375e+02 2.6790490722656250e+02 22.
  2.7210714721679688e+02 2.4019424438476562e+02 0 1
  3.0205142211914062e+02 2.8952648925781250e+02 15.
  8.7758743286132812e+01 2.3966394042968750e+02 0 1
  3.3566302490234375e+02 2.6478631591796875e+02 12.
  9.1089210510253906e+01 2.3195892333984375e+02 0 1
  3.1037951660156250e+02 2.7302667236328125e+02 13.
  8.7361167907714844e+01 2.2566879272460938e+02 0 -1
  3.3741275024414062e+02 3.1189431762695312e+02 16.
  1.0047805023193359e+02 2.1128038024902344e+02 0 -1
  2.9643923950195312e+02 3.6509075927734375e+02 26.
  2.9158483886718750e+02 2.0559245300292969e+02 0 -1
  3.6299829101562500e+02 3.2062414550781250e+02 14.
  1.7675772094726562e+02 2.0528413391113281e+02 0 1
  3.5977139282226562e+02 4.4320770263671875e+02 28.
  1.7003669738769531e+02 2.0182058715820312e+02 1 1
  3.5381408691406250e+02 3.2588742065429688e+02 15.
  1.8127243041992188e+02 2.0175628662109375e+02 0 1
  3.5922024536132812e+02 4.4436831665039062e+02 27.
  1.7688142395019531e+02 1.9489611816406250e+02 0 1
  3.0609445190429688e+02 2.6628961181640625e+02 16.
  2.6927301025390625e+02 1.8567370605468750e+02 0 1
  3.0277130126953125e+02 2.4256153869628906e+02 18.
  9.2459716796875000e+01 1.8376699829101562e+02 0 1
  3.0957205200195312e+02 3.6311715698242188e+02 21.
  8.1713165283203125e+01 1.8048446655273438e+02 0 1
  3.4538922119140625e+02 4.6157015991210938e+02 15.
  2.6125140380859375e+02 1.8023776245117188e+02 0 1
  3.0816516113281250e+02 3.1210150146484375e+02 27.
  8.0258514404296875e+01 1.7347230529785156e+02 0 -1
  3.8238723754882812e+02 4.4893041992187500e+02 14.
  1.4689654541015625e+02 1.7044888305664062e+02 0 1
  2.8560653686523438e+02 2.9730969238281250e+02 21.
  8.0695060729980469e+01 1.7012335205078125e+02 0 -1
  3.4361499023437500e+02 2.7937384033203125e+02 12.
  1.5581964111328125e+02 1.6852815246582031e+02 0 -1
  3.0894198608398438e+02 3.1252392578125000e+02 30.
