<?xml version="1.0"?>
<opencv_storage>
<keypoints>
  2.9027566528320312e+02 1.8028810501098633e+01 21.
  2.7896963500976562e+02 2.7709030151367188e+02 0 1
  2.8386898803710938e+02 1.5828254699707031e+01 14.
  2.7758651733398438e+02 2.4707949829101562e+02 0 1
  3.2010647583007812e+02 1.7957834243774414e+01 28.
  2.6839776611328125e+02 2.2178961181640625e+02 0 1
  3.1548980712890625e+02 1.6107307434082031e+01 15.
  2.6170101928710938e+02 1.9120336914062500e+02 0 1
  2.9570422363281250e+02 1.8836040496826172e+01 21.
  2.7780749511718750e+02 1.8473075866699219e+02 0 1
  2.8922406005859375e+02 1.9943708419799805e+01 28.
  2.7945935058593750e+02 1.8384133911132812e+02 0 1
  3.3925506591796875e+02 1.8734872817993164e+01 26.
  2.6602828979492188e+02 1.3567492675781250e+02 0 1</keypoints>
</opencv_storage>
