<?xml version="1.0"?>
<opencv_storage>
<keypoints>
  3.3832019042968750e+02 3.0579528808593750e+02 57.
  1.8957586669921875e+02 3.2662531250000000e+04 1 -1
  3.3824163818359375e+02 3.0441320800781250e+02 65.
  1.8928945922851562e+02 3.0505117187500000e+04 2 -1
  3.0569186401367188e+02 1.7758918762207031e+02 17.
  3.5500256347656250e+02 1.7276587890625000e+04 0 -1
  3.4512600708007812e+02 2.7713735961914062e+02 15.
  1.7776710510253906e+02 1.5759318359375000e+04 0 -1
  3.3807662963867188e+02 2.3812631225585938e+02 32.
  1.8132028198242188e+02 1.5497148437500000e+04 1 -1
  3.0515164184570312e+02 1.6570156860351562e+02 22.
  8.8184442520141602e+00 1.4328402343750000e+04 0 -1
  3.2935098266601562e+02 1.8262234497070312e+02 114.
  1.6757136535644531e+02 1.3893287109375000e+04 2 -1
  3.2541778564453125e+02 1.8889807128906250e+02 144.
  1.0041118621826172e+01 1.3095124023437500e+04 3 -1
  3.0575177001953125e+02 1.6656549072265625e+02 31.
  1.1991095542907715e+01 1.3061911132812500e+04 1 -1
  3.0444787597656250e+02 3.0916671752929688e+02 40.
  3.5531759643554688e+02 1.1733964843750000e+04 1 -1
  3.3207476806640625e+02 2.5848858642578125e+02 15.
  9.4714935302734375e+01 1.1306849609375000e+04 0 -1
  3.3669284057617188e+02 2.2925355529785156e+02 52.
  1.8022454833984375e+02 1.1040433593750000e+04 1 -1
  3.3289447021484375e+02 1.7295030212402344e+02 46.
  1.0099449157714844e+02 1.0918416992187500e+04 1 -1
  3.3501138305664062e+02 2.6206787109375000e+02 32.
  4.3418087959289551e+00 1.0808172851562500e+04 1 -1
  3.4501828002929688e+02 2.8716476440429688e+02 14.
  1.8240876770019531e+02 1.0093808593750000e+04 0 -1
  3.3194281005859375e+02 3.1335498046875000e+02 23.
  2.8703298950195312e+02 9.5421113281250000e+03 0 -1
  3.3154025268554688e+02 2.7538583374023438e+02 13.
  1.0172617912292480e+01 9.3542080078125000e+03 0 -1
  3.3699038696289062e+02 2.2651283264160156e+02 61.
  1.7881146240234375e+02 8.3466054687500000e+03 2 -1
  3.4286343383789062e+02 3.1311819458007812e+02 23.
  2.6635095214843750e+02 8.2939199218750000e+03 0 -1
  3.3097378540039062e+02 2.6562686157226562e+02 14.
  1.3065261840820312e+01 8.0960859375000000e+03 0 -1
  3.3148220825195312e+02 2.8663314819335938e+02 12.
  8.0708627700805664e+00 7.9939287109375000e+03 0 -1
  3.4448202514648438e+02 2.9807513427734375e+02 17.
  1.8432208251953125e+02 6.8808266601562500e+03 0 -1
  3.3809744262695312e+02 3.1038302612304688e+02 15.
  2.6681033325195312e+02 6.4821367187500000e+03 0 1
  3.2699240112304688e+02 1.9032366943359375e+02 16.
  6.0646095275878906e+00 4.9486474609375000e+03 0 -1
  3.3875915527343750e+02 2.1862327575683594e+02 28.
  1.7383998107910156e+02 4.5644892578125000e+03 0 -1
  3.2612802124023438e+02 1.7505003356933594e+02 22.
  7.2415146827697754e+00 4.4999838867187500e+03 0 -1
  3.3835571289062500e+02 2.6847329711914062e+02 59.
  1.7840132141113281e+02 4.4296440429687500e+03 2 -1
  3.3814526367187500e+02 2.1883360290527344e+02 31.
  1.7057585144042969e+02 4.0436108398437500e+03 1 -1
  3.3145397949218750e+02 2.9770236206054688e+02 17.
  3.5453353881835938e+02 4.0282446289062500e+03 0 -1
  3.4659255981445312e+02 2.6189263916015625e+02 29.
  1.7616534423828125e+02 3.8095346679687500e+03 0 -1
  3.0018624877929688e+02 1.7149945068359375e+02 15.
  3.5989688110351562e+02 3.4170485839843750e+03 0 1
  3.2249407958984375e+02 2.4815943908691406e+02 42.
  3.5466339111328125e+02 3.2076745605468750e+03 1 1
  3.3166653442382812e+02 1.9342813110351562e+02 32.
  1.4356182813644409e+00 3.1155654296875000e+03 1 -1
  3.3829730224609375e+02 3.1722052001953125e+02 21.
  2.7478521728515625e+02 2.9508793945312500e+03 0 -1
  3.3970407104492188e+02 2.2311927795410156e+02 29.
  1.7375355529785156e+02 2.7971191406250000e+03 0 -1
  3.2052661132812500e+02 1.8418678283691406e+02 25.
  3.5690115356445312e+02 2.7019978027343750e+03 0 1
  3.1873190307617188e+02 3.2430624389648438e+02 44.
  2.7651736450195312e+02 2.4804978027343750e+03 1 1
  3.5177429199218750e+02 3.1922076416015625e+02 13.
  1.9256657409667969e+02 2.3848598632812500e+03 0 -1
  3.4061730957031250e+02 2.8181463623046875e+02 44.
  1.7675187683105469e+02 2.3709609375000000e+03 1 -1
  3.2049615478515625e+02 1.8262278747558594e+02 23.
  2.5945179462432861e+00 2.1947727050781250e+03 1 1
  3.3701803588867188e+02 2.7396600341796875e+02 17.
  2.6514508056640625e+02 2.1731406250000000e+03 0 -1
  3.2945046997070312e+02 2.0855427551269531e+02 14.
  3.5560162353515625e+02 2.0713225097656250e+03 0 -1
  3.1982937622070312e+02 2.8617407226562500e+02 54.
  4.1606855392456055e+00 1.9489270019531250e+03 1 1
  3.1657080078125000e+02 2.8639544677734375e+02 45.
  4.4065041542053223e+00 1.9129847412109375e+03 1 1
  2.9811630249023438e+02 3.1740435791015625e+02 14.
  3.4492343139648438e+02 1.8461574707031250e+03 0 -1
  3.4012393188476562e+02 1.9576791381835938e+02 22.
  1.7548165893554688e+02 1.7719377441406250e+03 0 -1
  3.3840335083007812e+02 2.6737597656250000e+02 15.
  2.6734710693359375e+02 1.7136459960937500e+03 0 -1
  3.5034881591796875e+02 1.6405455017089844e+02 21.
  1.5867352294921875e+02 1.7025056152343750e+03 0 -1
  3.3726846313476562e+02 1.9915473937988281e+02 16.
  1.7804090881347656e+02 1.6468858642578125e+03 0 -1
  3.2697146606445312e+02 3.0403427124023438e+02 16.
  3.7240366935729980e+00 1.5947333984375000e+03 0 1
  3.2640408325195312e+02 2.7121994018554688e+02 17.
  3.5562597656250000e+02 1.4336342773437500e+03 0 1
  3.1945114135742188e+02 1.5556672668457031e+02 39.
  8.9103713989257812e+01 1.3557010498046875e+03 1 1
  3.2207546997070312e+02 2.7621826171875000e+02 43.
  4.4052371978759766e+00 1.3554482421875000e+03 1 1
  3.2450436401367188e+02 2.7226492309570312e+02 27.
  1.0308384895324707e+00 1.2676202392578125e+03 0 1
  3.4212692260742188e+02 1.8503730773925781e+02 15.
  1.7354345703125000e+02 1.2572951660156250e+03 0 1
  3.3847640991210938e+02 2.6359643554687500e+02 15.
  9.9082939147949219e+01 1.2271362304687500e+03 0 1
  3.5671209716796875e+02 2.4872850036621094e+02 54.
  1.8035246276855469e+02 1.2254879150390625e+03 1 1
  3.5819738769531250e+02 2.5055691528320312e+02 66.
  1.7942761230468750e+02 1.1894748535156250e+03 2 1
  3.4537185668945312e+02 2.0525282287597656e+02 21.
  1.7620588684082031e+02 1.1764539794921875e+03 0 1
  3.2413385009765625e+02 2.7248449707031250e+02 29.
  1.9407067298889160e+00 1.1710935058593750e+03 1 1
  3.3286859130859375e+02 2.2197921752929688e+02 21.
  3.5326516723632812e+02 1.1631621093750000e+03 0 -1
  3.3944378662109375e+02 2.2990855407714844e+02 20.
  1.7706198120117188e+02 1.1503211669921875e+03 0 -1
  3.4090121459960938e+02 2.3022067260742188e+02 16.
  1.7645265197753906e+02 1.1110805664062500e+03 0 -1
  3.6209732055664062e+02 2.5677575683593750e+02 87.
  1.8029379272460938e+02 1.0799045410156250e+03 2 1
  3.3183963012695312e+02 2.9449075317382812e+02 23.
  3.5914974975585938e+02 1.0631655273437500e+03 0 -1
  2.8980584716796875e+02 1.9518272399902344e+02 64.
  3.5841296386718750e+02 1.0391556396484375e+03 2 1
  3.1975695800781250e+02 1.9274385070800781e+02 14.
  3.5772011280059814e+00 1.0237480468750000e+03 0 1
  3.2947680664062500e+02 1.9885652160644531e+02 14.
  3.5688455200195312e+02 9.7336859130859375e+02 0 -1
  3.5887869262695312e+02 2.6652267456054688e+02 22.
  1.8021234130859375e+02 9.4624011230468750e+02 0 1
  3.2528784179687500e+02 2.3963853454589844e+02 14.
  3.5177740478515625e+02 9.2156256103515625e+02 0 1
  3.5241137695312500e+02 2.5936267089843750e+02 14.
  1.8543501281738281e+02 9.1183142089843750e+02 0 -1
  3.2420437622070312e+02 3.0221789550781250e+02 26.
  3.5448001098632812e+02 9.0797766113281250e+02 0 1
  2.9841058349609375e+02 2.4666871643066406e+02 21.
  3.5902871704101562e+02 8.9539245605468750e+02 0 -1
  3.1316125488281250e+02 1.9674078369140625e+02 44.
  4.8533803224563599e-01 8.7712536621093750e+02 1 1
  3.2118978881835938e+02 2.3004066467285156e+02 29.
  3.5139941406250000e+02 8.2530914306640625e+02 1 1
  3.0276745605468750e+02 2.1626733398437500e+02 42.
