<?xml version="1.0"?>
<opencv_storage>
<keypoints>
  5.4640411376953125e+02 2.9941293334960938e+02 137.
  2.6049655151367188e+02 7.3416889648437500e+03 3 -1
  4.6822872924804688e+02 3.1363235473632812e+02 56.
  2.8033355712890625e+02 5.1228486328125000e+03 1 -1
  4.6852960205078125e+02 3.1224359130859375e+02 62.
  2.8202719116210938e+02 4.9206035156250000e+03 2 -1
  5.6885980224609375e+02 3.1692700195312500e+02 32.
  2.5981695556640625e+02 4.4261059570312500e+03 1 -1
  5.6911798095703125e+02 3.1641152954101562e+02 28.
  2.5936950683593750e+02 4.3868525390625000e+03 0 -1
  6.0882196044921875e+02 2.9455880737304688e+02 14.
  3.3731671142578125e+02 4.1715839843750000e+03 0 -1
  6.2101037597656250e+02 2.9426110839843750e+02 16.
  1.8068582153320312e+02 3.6384614257812500e+03 0 -1
  6.0455987548828125e+02 1.6221945190429688e+02 34.
  9.5414230346679688e+01 3.5270361328125000e+03 1 -1
  5.5569244384765625e+02 3.1923504638671875e+02 28.
  2.6781948852539062e+02 3.4002624511718750e+03 0 -1
  5.5339556884765625e+02 3.1863470458984375e+02 31.
  2.6812847900390625e+02 3.3281918945312500e+03 1 -1
  4.6074627685546875e+02 2.7549703979492188e+02 16.
  1.6660484313964844e+01 3.0405881347656250e+03 0 -1
  5.6664849853515625e+02 1.6295056152343750e+02 44.
  8.9849906921386719e+01 2.8281386718750000e+03 1 -1
  5.1868341064453125e+02 3.2026391601562500e+02 34.
  2.7214916992187500e+02 2.6867326660156250e+03 1 -1
  5.6981604003906250e+02 2.5921066284179688e+02 31.
  8.7109001159667969e+01 2.6605234375000000e+03 1 1
  4.6034771728515625e+02 3.1830062866210938e+02 22.
  2.8639486694335938e+02 2.5573291015625000e+03 0 -1
  5.6992553710937500e+02 2.5933438110351562e+02 29.
  3.1502548217773438e+02 2.4978032226562500e+03 0 1
  5.6472326660156250e+02 3.0796026611328125e+02 16.
  1.8235820007324219e+02 1.7723112792968750e+03 0 1
  5.3685247802734375e+02 3.1469677734375000e+02 32.
  2.6919445800781250e+02 1.5703225097656250e+03 1 -1
  4.9052062988281250e+02 2.1546102905273438e+02 65.
  1.4891730308532715e+01 1.5107956542968750e+03 2 1
  6.2171093750000000e+02 2.9956671142578125e+02 29.
  2.6387460327148438e+02 1.5002115478515625e+03 0 -1
  5.7543811035156250e+02 2.8094616699218750e+02 41.
  1.8548811340332031e+02 1.4419675292968750e+03 1 -1
  5.6413159179687500e+02 3.2697354125976562e+02 17.
  2.6451965332031250e+02 1.3432260742187500e+03 0 1
  5.8190472412109375e+02 3.0810287475585938e+02 20.
  1.9571090698242188e+02 1.3381887207031250e+03 0 -1
  5.3519012451171875e+02 3.3015063476562500e+02 33.
  2.6860247802734375e+02 1.3162432861328125e+03 1 1
  4.8680157470703125e+02 3.0660678100585938e+02 16.
  6.9336212158203125e+01 1.1601281738281250e+03 0 1
  4.9422070312500000e+02 3.3341674804687500e+02 53.
  2.7407882690429688e+02 1.1252835693359375e+03 1 1
  4.9394052124023438e+02 3.3144290161132812e+02 46.
  2.7344213867187500e+02 1.1233853759765625e+03 1 1
  5.0295684814453125e+02 1.9048178100585938e+02 28.
  2.8896614909172058e-01 1.0607553710937500e+03 0 -1
  5.3965979003906250e+02 3.1952426147460938e+02 16.
  2.7033422851562500e+02 1.0573413085937500e+03 0 -1
  5.0308999633789062e+02 1.9092788696289062e+02 30.
  2.4807502329349518e-01 1.0397332763671875e+03 1 -1
  5.8428808593750000e+02 2.5467297363281250e+02 29.
  1.9720236206054688e+02 1.0302675781250000e+03 1 -1
  5.6039154052734375e+02 1.5997328186035156e+02 22.
  7.9751937866210938e+01 1.0294925537109375e+03 0 -1
  5.3159484863281250e+02 1.6892050170898438e+02 35.
  8.5425651550292969e+01 9.8938922119140625e+02 1 -1
  5.8479138183593750e+02 1.7550152587890625e+02 42.
  1.0459208679199219e+02 9.8810943603515625e+02 1 1
  5.8443072509765625e+02 2.5501379394531250e+02 28.
  1.9859246826171875e+02 9.5465997314453125e+02 0 -1
  5.8072827148437500e+02 1.7088662719726562e+02 29.
  1.0330644989013672e+02 9.2865441894531250e+02 1 1
  5.1470507812500000e+02 1.7158338928222656e+02 62.
  7.4209732055664062e+01 9.1848333740234375e+02 2 -1
  5.1198666381835938e+02 1.7335543823242188e+02 62.
  7.1964241027832031e+01 9.0968817138671875e+02 2 -1
  5.6884667968750000e+02 1.5630850219726562e+02 16.
  8.8480514526367188e+01 9.0817443847656250e+02 0 -1
  4.6691445922851562e+02 2.7950234985351562e+02 48.
  1.3611453056335449e+01 8.8529431152343750e+02 1 -1
  5.2777526855468750e+02 2.8307553100585938e+02 21.
  3.5780734252929688e+02 8.6941571044921875e+02 0 1
  5.7552844238281250e+02 3.0129458618164062e+02 27.
  1.9185060119628906e+02 8.5221459960937500e+02 0 -1
  5.8006372070312500e+02 1.7057945251464844e+02 28.
  1.0802880096435547e+02 8.4649114990234375e+02 0 1
  6.2431732177734375e+02 2.2583259582519531e+02 23.
  1.6467971801757812e+02 8.4425311279296875e+02 0 -1
  6.0692089843750000e+02 2.8497140502929688e+02 15.
  3.4619702148437500e+02 8.3691833496093750e+02 0 -1
  5.7083190917968750e+02 3.0252340698242188e+02 16.
  1.0354500770568848e+01 8.0826135253906250e+02 0 -1
  6.0336120605468750e+02 3.0013208007812500e+02 15.
  3.0533261108398438e+02 7.9491394042968750e+02 0 1
  5.0179998779296875e+02 1.7538305664062500e+02 21.
  1.8413644790649414e+01 7.8404278564453125e+02 0 -1
  6.2681390380859375e+02 3.0774606323242188e+02 14.
  2.5578924560546875e+02 7.8008166503906250e+02 0 1
  5.9719818115234375e+02 2.4704937744140625e+02 34.
  2.3072970581054688e+02 7.7305047607421875e+02 1 1
  5.0255993652343750e+02 2.4077888488769531e+02 38.
  4.9538482666015625e+01 7.5482714843750000e+02 1 -1
  5.8023651123046875e+02 3.0088311767578125e+02 32.
  1.9200807189941406e+02 7.2890374755859375e+02 1 -1
  5.4211242675781250e+02 1.7700950622558594e+02 22.
  8.8217391967773438e+01 6.8892980957031250e+02 0 1
  5.7224676513671875e+02 3.0239587402343750e+02 19.
  1.8550953674316406e+02 6.8820526123046875e+02 0 -1
  6.0560705566406250e+02 3.0015802001953125e+02 16.
  3.0977752685546875e+02 6.7129644775390625e+02 0 1
  5.4230267333984375e+02 1.4781394958496094e+02 54.
  8.5414421081542969e+01 6.6784661865234375e+02 1 1
  5.2562908935546875e+02 3.0436688232421875e+02 23.
  3.8597176074981689e+00 6.5860607910156250e+02 0 1
  5.9607281494140625e+02 2.9132717895507812e+02 31.
  1.8730877685546875e+02 6.5068566894531250e+02 1 1
  4.8487979125976562e+02 1.7742312622070312e+02 41.
  3.2789859771728516e+01 6.4120104980468750e+02 1 1
  5.4161920166015625e+02 1.4644020080566406e+02 59.
  8.4143409729003906e+01 6.4056463623046875e+02 2 1
  6.0668591308593750e+02 1.8225584411621094e+02 30.
  1.5809402465820312e+02 6.2861584472656250e+02 1 -1
  5.2483416748046875e+02 3.0331213378906250e+02 29.
  7.6131443977355957e+00 6.0899328613281250e+02 1 1
  5.9149890136718750e+02 2.6770346069335938e+02 29.
  1.8753613281250000e+02 6.0745745849609375e+02 0 1
  5.2260223388671875e+02 2.5860827636718750e+02 21.
  5.0129631042480469e+01 6.0268151855468750e+02 0 1
  4.5313159179687500e+02 2.6539987182617188e+02 26.
  1.0046030998229980e+01 6.0017761230468750e+02 0 1
  5.4185467529296875e+02 1.9694230651855469e+02 35.
  8.5401367187500000e+01 5.9854431152343750e+02 1 -1
  5.9145581054687500e+02 2.6779650878906250e+02 29.
  1.8771620178222656e+02 5.9269592285156250e+02 1 1
  5.8637652587890625e+02 2.3024494934082031e+02 30.
  2.4049340820312500e+02 5.9151739501953125e+02 1 -1
  4.8931201171875000e+02 1.8001106262207031e+02 33.
  2.6943437576293945e+01 5.8462884521484375e+02 1 1
  4.8662576293945312e+02 3.2677496337890625e+02 17.
  2.6792028808593750e+02 5.8115435791015625e+02 0 1
  5.8647753906250000e+02 2.3106106567382812e+02 29.
  2.3703489685058594e+02 5.7505761718750000e+02 0 -1
  5.6141992187500000e+02 1.8151795959472656e+02 25.
  7.6822792053222656e+01 5.6868902587890625e+02 0 1
  4.4305252075195312e+02 1.8290669250488281e+02 83.
  1.2243590354919434e+01 5.5258410644531250e+02 2 -1
  5.4702252197265625e+02 3.0556649780273438e+02 18.
  1.7794108581542969e+02 5.4359643554687500e+02 0 1
  4.5174813842773438e+02 3.1570892333984375e+02 15.
  3.4844204711914062e+02 5.3976147460937500e+02 0 1
  4.4364898681640625e+02 1.7429234313964844e+02 66.
  1.2140918731689453e+01 5.3818957519531250e+02 2 -1
