<?xml version="1.0"?>
<opencv_storage>
<keypoints>
  3.1656756591796875e+02 2.1112603759765625e+02 130.
  3.4529748535156250e+02 2.3179870605468750e+03 3 -1
  3.3386602783203125e+02 2.1332646179199219e+02 88.
  2.5887808227539062e+02 2.2887807617187500e+03 2 -1
  3.2820611572265625e+02 2.2186997985839844e+02 23.
  2.7033630371093750e+02 2.1101333007812500e+03 0 -1
  2.8576980590820312e+02 2.2498277282714844e+02 14.
  8.8975591659545898e+00 2.0922192382812500e+03 0 -1
  3.4089089965820312e+02 2.2493257141113281e+02 42.
  2.5869775390625000e+02 1.9215270996093750e+03 1 -1
  3.4616009521484375e+02 2.0041134643554688e+02 32.
  9.5635658264160156e+01 1.5870085449218750e+03 1 -1
  3.4718154907226562e+02 2.2105200195312500e+02 21.
  1.9460426330566406e+02 1.5056942138671875e+03 0 -1
  3.6534768676757812e+02 1.5117686462402344e+02 22.
  1.9409317016601562e+02 1.3325815429687500e+03 0 -1
  3.1561853027343750e+02 2.2455326843261719e+02 15.
  2.7832400512695312e+02 1.2621756591796875e+03 0 -1
  3.5675845336914062e+02 1.2777235412597656e+02 88.
  1.8726084899902344e+02 1.0846120605468750e+03 2 -1
  3.3670382690429688e+02 2.2276704406738281e+02 13.
  1.9456060791015625e+02 1.0684978027343750e+03 0 -1
  3.6233087158203125e+02 1.4928396606445312e+02 17.
  1.9376519775390625e+02 1.0060823364257812e+03 0 -1
  2.8546136474609375e+02 2.0020341491699219e+02 15.
  8.0967025756835938e+01 9.6849157714843750e+02 0 -1
  2.8987042236328125e+02 2.0401083374023438e+02 37.
  3.5886441040039062e+02 9.6632995605468750e+02 1 -1
  3.6344815063476562e+02 1.5102899169921875e+02 21.
  1.9479147338867188e+02 9.4059240722656250e+02 0 -1
  3.6500399780273438e+02 1.5341018676757812e+02 23.
  1.9463281250000000e+02 9.2759765625000000e+02 0 -1
  3.6576541137695312e+02 1.4806771850585938e+02 23.
  1.9250889587402344e+02 8.8396948242187500e+02 0 -1
  3.5302182006835938e+02 1.5592424011230469e+02 26.
  2.0465385437011719e+02 8.6721490478515625e+02 0 1
  2.8698455810546875e+02 7.2070686340332031e+01 89.
  3.5823760986328125e+02 8.6413433837890625e+02 2 -1
  3.7318618774414062e+02 1.4122537231445312e+02 21.
  1.8857878112792969e+02 8.5882843017578125e+02 0 1
  3.7419525146484375e+02 8.6559387207031250e+01 18.
  1.9327191162109375e+02 7.7795397949218750e+02 0 -1
  3.5106417846679688e+02 1.5596963500976562e+02 28.
  2.0946830749511719e+02 7.5166583251953125e+02 1 1
  3.4793447875976562e+02 1.9638658142089844e+02 15.
  8.9144012451171875e+01 7.3956762695312500e+02 0 -1
  2.7450680541992188e+02 3.6470500946044922e+01 30.
  8.3004360198974609e+00 7.3155474853515625e+02 1 -1
  2.7386767578125000e+02 3.5480918884277344e+01 27.
  6.5312280654907227e+00 7.2753833007812500e+02 0 -1
  3.3369967651367188e+02 1.2638117218017578e+02 15.
  1.9683293151855469e+02 6.4922058105468750e+02 0 1
  3.7777597045898438e+02 9.7455177307128906e+01 22.
  1.8187075805664062e+02 6.2539941406250000e+02 0 1
  3.7100366210937500e+02 1.4789968872070312e+02 14.
  1.8967904663085938e+02 5.9587854003906250e+02 0 1
  3.6680459594726562e+02 1.6682887268066406e+02 21.
  1.9362483215332031e+02 5.9428088378906250e+02 0 1
  2.8382333374023438e+02 1.7015592956542969e+02 51.
  3.5874002075195312e+02 5.6575567626953125e+02 1 -1
  3.7599224853515625e+02 9.8494293212890625e+01 16.
  1.8119375610351562e+02 5.6086004638671875e+02 0 1
  2.8114306640625000e+02 1.7010940551757812e+02 50.
  3.5859622192382812e+02 5.5947442626953125e+02 1 -1
  3.6470822143554688e+02 1.3312968444824219e+02 29.
  1.8693595886230469e+02 5.5884069824218750e+02 0 -1
  2.9886257934570312e+02 2.1504849243164062e+02 17.
  2.6880987548828125e+02 5.5439904785156250e+02 0 1
  3.7501046752929688e+02 1.4241853332519531e+02 28.
  1.8964842224121094e+02 5.4334106445312500e+02 0 1
  3.3344042968750000e+02 2.2872361755371094e+02 12.
  2.7343618774414062e+02 5.3163842773437500e+02 0 1
  3.5672286987304688e+02 8.5022308349609375e+01 19.
  2.4427377319335938e+02 5.1242559814453125e+02 0 -1
  3.5678826904296875e+02 1.5301138305664062e+02 20.
  2.0462400817871094e+02 5.0881524658203125e+02 0 1
  3.7217605590820312e+02 1.4571760559082031e+02 21.
  1.9123553466796875e+02 5.0495861816406250e+02 0 1
  2.8687255859375000e+02 2.0834249877929688e+02 16.
  2.8014788818359375e+02 4.8914758300781250e+02 0 -1
  3.4039035034179688e+02 9.9529815673828125e+01 16.
  2.5147879028320312e+02 4.6004199218750000e+02 0 1
  3.7990243530273438e+02 9.8890502929687500e+01 32.
  1.8084785461425781e+02 4.5902764892578125e+02 1 1
  3.6294668579101562e+02 1.4215437316894531e+02 20.
  1.8985578918457031e+02 4.5060803222656250e+02 0 -1
  3.6599914550781250e+02 1.7181327819824219e+02 21.
  1.9056860351562500e+02 4.4420126342773438e+02 0 1
  3.3219793701171875e+02 2.1342755126953125e+02 21.
  9.3836967468261719e+01 4.4093615722656250e+02 0 1
  3.5078030395507812e+02 1.6662715148925781e+02 14.
  1.1744396209716797e+02 4.3682940673828125e+02 0 -1
  3.4835577392578125e+02 1.6654205322265625e+02 20.
  2.4188827514648438e+02 4.2994622802734375e+02 0 -1
  3.5916146850585938e+02 1.7417561340332031e+02 23.
  1.9093621826171875e+02 4.2673590087890625e+02 0 -1
  2.7833679199218750e+02 2.3261070251464844e+02 14.
  2.8770846557617188e+02 4.2387576293945312e+02 0 -1
  3.2619998168945312e+02 6.1924949645996094e+01 86.
  9.9747070312500000e+01 4.1939581298828125e+02 2 -1
  3.7784353637695312e+02 1.2414912414550781e+02 27.
  1.8445695495605469e+02 4.1002090454101562e+02 0 1
  3.6866619873046875e+02 1.6757525634765625e+02 28.
  1.9450042724609375e+02 4.0112811279296875e+02 0 1
  3.6879772949218750e+02 1.6670603942871094e+02 28.
  1.9498118591308594e+02 3.9703424072265625e+02 0 1
  3.1997418212890625e+02 2.0257914733886719e+02 32.
  8.7625900268554688e+01 3.8865475463867188e+02 1 -1
  3.6267236328125000e+02 1.8019779968261719e+02 15.
  1.8876605224609375e+02 3.7966397094726562e+02 0 1
  3.4242993164062500e+02 1.6669813537597656e+02 29.
  2.4654232788085938e+02 3.7128179931640625e+02 1 -1
  2.7832882690429688e+02 1.3572789001464844e+02 44.
  6.5807228088378906e+00 3.7052655029296875e+02 1 -1
  3.7850198364257812e+02 1.2472695159912109e+02 28.
  1.8371014404296875e+02 3.6941708374023438e+02 1 1
  3.3664242553710938e+02 2.1378443908691406e+02 22.
  2.6023135375976562e+02 3.4828207397460938e+02 0 1
  3.3300131225585938e+02 1.6724955749511719e+02 46.
  2.4344224548339844e+02 3.4518939208984375e+02 1 -1
  3.5643246459960938e+02 1.6111378479003906e+02 12.
  1.6920784711837769e+00 3.4511730957031250e+02 0 1
  3.4492370605468750e+02 1.6654855346679688e+02 26.
  2.4556179809570312e+02 3.3762213134765625e+02 0 -1
  3.8277731323242188e+02 7.6212936401367188e+01 15.
  1.8299479675292969e+02 3.3384091186523438e+02 0 1
  2.9025701904296875e+02 2.1541424560546875e+02 13.
  2.7006292724609375e+02 3.2542282104492188e+02 0 1
  3.4953570556640625e+02 2.1111846923828125e+02 14.
  2.5621252441406250e+02 3.1800778198242188e+02 0 1
  3.5787258911132812e+02 1.5058253479003906e+02 20.
  2.0103759765625000e+02 3.1490252685546875e+02 0 1
  3.8199871826171875e+02 8.3990264892578125e+01 14.
  1.8905271911621094e+02 3.1379327392578125e+02 0 1
  3.0878051757812500e+02 2.0706948852539062e+02 14.
  2.7073205566406250e+02 3.0746038818359375e+02 0 -1
  3.5619128417968750e+02 9.8475830078125000e+01 28.
  8.4207649230957031e+01 3.0734521484375000e+02 1 1
  3.7411907958984375e+02 1.3725836181640625e+02 21.
  1.8763687133789062e+02 3.0689550781250000e+02 0 1
  2.8840121459960938e+02 1.8953135681152344e+02 28.
  8.1472503662109375e+01 3.0501785278320312e+02 1 1
  3.4494766235351562e+02 1.8404331970214844e+02 29.
  2.4297521972656250e+02 3.0141058349609375e+02 1 1
  3.1065515136718750e+02 2.1508744812011719e+02 17.
  2.6925152587890625e+02 2.9998196411132812e+02 0 1
  3.5250735473632812e+02 8.3966644287109375e+01 31.
  1.4585629272460938e+02 2.9854428100585938e+02 1 -1
  3.8413055419921875e+02 1.0048649597167969e+02 43.
  1.7991941833496094e+02 2.9682546997070312e+02 1 1
  3.5766183471679688e+02 1.6997456359863281e+02 23.
  1.8992869567871094e+02 2.9396179199218750e+02 0 -1
