<?xml version="1.0"?>
<opencv_storage>
<keypoints>
  3.0069848632812500e+02 4.6429074096679688e+02 15.
  8.3071479797363281e+01 3.7170629882812500e+02 0 1
  2.9958383178710938e+02 4.6231054687500000e+02 21.
  8.3286132812500000e+01 1.9620092773437500e+02 0 1
  2.9087631225585938e+02 4.6299801635742188e+02 20.
  8.2252883911132812e+01 1.6207296752929688e+02 0 1
  2.9859475708007812e+02 4.6017529296875000e+02 28.
  8.6354415893554688e+01 1.4144044494628906e+02 0 1
  3.3406530761718750e+02 4.6529736328125000e+02 14.
  1.0194908142089844e+02 1.2311705017089844e+02 0 1
  2.9314358520507812e+02 4.6076281738281250e+02 27.
  8.4371238708496094e+01 1.0852398681640625e+02 0 1</keypoints>
</opencv_storage>
