<?xml version="1.0"?>
<opencv_storage>
<keypoints>
  3.4095150756835938e+02 1.9368946838378906e+02 15.
  4.7999196052551270e+00 5.3486944580078125e+02 0 1
  3.4406500244140625e+02 2.6649853515625000e+02 15.
  2.5585054397583008e+01 5.1967266845703125e+02 0 1
  3.3993609619140625e+02 2.0329945373535156e+02 15.
  3.5394387817382812e+02 4.7632479858398438e+02 0 1
  2.9509646606445312e+02 2.4010919189453125e+02 15.
  1.9105726623535156e+02 4.1206750488281250e+02 0 1
  2.9294277954101562e+02 2.7469638061523438e+02 23.
  3.4998220825195312e+02 3.8777343750000000e+02 0 -1
  2.9384451293945312e+02 2.5669262695312500e+02 21.
  1.7758677673339844e+02 3.7346945190429688e+02 0 -1
  2.9616894531250000e+02 2.6427380371093750e+02 15.
  1.7532856750488281e+02 3.4017779541015625e+02 0 1
  2.8577169799804688e+02 2.5496635437011719e+02 15.
  8.2873648405075073e-01 3.3317355346679688e+02 0 1
  2.8723687744140625e+02 2.6724795532226562e+02 16.
  3.5800595092773438e+02 3.0116467285156250e+02 0 1
  2.9709375000000000e+02 2.6080557250976562e+02 15.
  1.7900846862792969e+02 2.5247003173828125e+02 0 1
  3.5292123413085938e+02 2.6423471069335938e+02 15.
  1.6036260986328125e+02 2.5070896911621094e+02 0 1
  2.8932644653320312e+02 2.5427365112304688e+02 25.
  3.5845788574218750e+02 2.4926535034179688e+02 0 -1
  2.9604010009765625e+02 2.0776464843750000e+02 14.
  1.7223519897460938e+02 2.3253399658203125e+02 0 1
  3.4036010742187500e+02 1.9451716613769531e+02 34.
  1.7209240722656250e+02 2.1707696533203125e+02 1 -1
  3.5254586791992188e+02 2.8742114257812500e+02 15.
  1.9305001831054688e+02 1.8549458312988281e+02 0 1
  3.3414440917968750e+02 1.9439897155761719e+02 22.
  5.6409811973571777e+00 1.8119157409667969e+02 0 -1
  3.5404415893554688e+02 2.6226278686523438e+02 20.
  1.7153649902343750e+02 1.7226982116699219e+02 0 1
  2.8387158203125000e+02 2.0794348144531250e+02 13.
  1.5349230766296387e+01 1.6069020080566406e+02 0 1
  3.3589068603515625e+02 1.8721702575683594e+02 16.
  7.8762288093566895e+00 1.5508824157714844e+02 0 -1
  2.9874160766601562e+02 2.4255851745605469e+02 31.
  1.8053080749511719e+02 1.4879617309570312e+02 1 1
  2.8351568603515625e+02 2.5627465820312500e+02 21.
  3.5721328735351562e+02 1.4389509582519531e+02 0 1
  3.4836950683593750e+02 2.5562420654296875e+02 23.
  1.7952622985839844e+02 1.4270695495605469e+02 0 -1
  3.4967944335937500e+02 2.5587876892089844e+02 22.
  1.7705273437500000e+02 1.3537512207031250e+02 0 -1
  3.4213586425781250e+02 2.1768064880371094e+02 15.
  1.7893200683593750e+02 1.3237158203125000e+02 0 1
  2.9729690551757812e+02 2.8413607788085938e+02 14.
  1.8103944396972656e+02 1.2961053466796875e+02 0 1
  3.4611135864257812e+02 2.5563656616210938e+02 22.
  1.6713426113128662e+00 1.2867121887207031e+02 0 -1
  3.4217718505859375e+02 1.8677430725097656e+02 22.
  1.7027713012695312e+02 1.2830206298828125e+02 0 -1
  2.9818270874023438e+02 2.9672436523437500e+02 15.
  1.7862954711914062e+02 1.2364035034179688e+02 0 1
  3.4212200927734375e+02 1.8527462768554688e+02 21.
  3.0388795852661133e+01 1.2108255004882812e+02 0 -1
  3.5288354492187500e+02 2.5711468505859375e+02 15.
  1.8715005493164062e+02 1.2090310668945312e+02 0 1
  3.5590631103515625e+02 2.6024908447265625e+02 29.
  1.7027134704589844e+02 1.1504272460937500e+02 0 1
  3.4083013916015625e+02 2.7543588256835938e+02 15.
  2.7868063449859619e+00 1.1048470306396484e+02 0 1
  3.4206427001953125e+02 2.6087719726562500e+02 29.
  8.3562841415405273e+00 1.0514929962158203e+02 1 1</keypoints>
</opencv_storage>
