<?xml version="1.0"?>
<opencv_storage>
<keypoints>
  2.4428750610351562e+02 2.5147409057617188e+02 20.
  2.6529656982421875e+02 1.1919940429687500e+04 0 1
  2.5925381469726562e+02 2.5204550170898438e+02 20.
  2.7592687988281250e+02 1.1440624023437500e+04 0 1
  2.4985868835449219e+02 2.8069845581054688e+02 104.
  3.5966766357421875e+02 8.7532207031250000e+03 2 -1
  2.4381436157226562e+02 2.8804003906250000e+02 20.
  2.6946817016601562e+02 8.5719365234375000e+03 0 1
  2.4956820678710938e+02 2.7548077392578125e+02 120.
  3.5508209228515625e+02 8.1674526367187500e+03 3 -1
  2.5763760375976562e+02 2.8819540405273438e+02 20.
  2.6807958984375000e+02 8.1496938476562500e+03 0 1
  2.5972650146484375e+02 2.3502709960937500e+02 20.
  2.8158386230468750e+02 7.6197182617187500e+03 0 1
  2.4454188537597656e+02 2.3231164550781250e+02 23.
  2.6899572753906250e+02 7.2541621093750000e+03 0 1
  2.6614453125000000e+02 2.8033218383789062e+02 16.
  1.7547137451171875e+02 6.6511782226562500e+03 0 -1
  2.3462846374511719e+02 2.9016650390625000e+02 20.
  2.3959074914455414e-01 6.4285615234375000e+03 0 -1
  2.3858648681640625e+02 2.2146588134765625e+02 23.
  5.2329335212707520e+00 6.4177690429687500e+03 0 -1
  2.3734527587890625e+02 2.7947378540039062e+02 15.
  7.5369064331054688e+01 6.2670092773437500e+03 0 -1
  2.4413751220703125e+02 2.3688650512695312e+02 16.
  6.5588951110839844e+01 5.5341840820312500e+03 0 1
  2.6554855346679688e+02 2.2564089965820312e+02 26.
  1.7679585266113281e+02 5.5109619140625000e+03 0 -1
  2.3738766479492188e+02 2.6863583374023438e+02 15.
  2.8208609008789062e+02 5.4976079101562500e+03 0 -1
  2.6688885498046875e+02 2.9135202026367188e+02 17.
  1.8834698486328125e+02 5.4453496093750000e+03 0 -1
  2.5170237731933594e+02 2.4031275939941406e+02 21.
  6.8619705200195312e+01 5.4350073242187500e+03 0 -1
  2.6565097045898438e+02 2.0507388305664062e+02 21.
  2.6235205078125000e+02 5.1086357421875000e+03 0 -1
  2.5132228088378906e+02 2.7922262573242188e+02 21.
  2.7141308593750000e+02 5.0194799804687500e+03 0 -1
  2.6621411132812500e+02 2.6927871704101562e+02 15.
  2.5290899658203125e+02 4.9478334960937500e+03 0 -1
  2.6501419067382812e+02 2.2541311645507812e+02 27.
  1.7761918640136719e+02 4.9417705078125000e+03 1 -1
  2.3922181701660156e+02 1.9017961120605469e+02 23.
  1.0784248352050781e+02 4.9189174804687500e+03 0 -1
  2.5055654907226562e+02 2.8784957885742188e+02 29.
  2.7072335815429688e+02 4.8621718750000000e+03 1 1
  2.6541058349609375e+02 2.4378900146484375e+02 22.
  1.7803517150878906e+02 4.8570141601562500e+03 0 -1
  2.5045242309570312e+02 2.8795651245117188e+02 28.
  2.7294766235351562e+02 4.8532827148437500e+03 0 1
  2.6628210449218750e+02 2.9349578857421875e+02 21.
  2.4988952636718750e+02 4.7860283203125000e+03 0 -1
  2.3899615478515625e+02 2.4356443786621094e+02 22.
  6.6759109497070312e+00 4.6127978515625000e+03 0 -1
  2.4691664123535156e+02 2.6435620117187500e+02 55.
  2.2201020717620850e+00 4.4141293945312500e+03 1 -1
  2.5261714172363281e+02 2.6468280029296875e+02 53.
  3.2662739753723145e+00 4.4004614257812500e+03 1 -1
  2.3716256713867188e+02 2.0417503356933594e+02 21.
  3.7500185966491699e+00 4.3553652343750000e+03 0 -1
  2.5558471679687500e+02 2.6457131958007812e+02 55.
  1.8207440185546875e+02 4.3330605468750000e+03 1 -1
  2.5974673461914062e+02 2.1660351562500000e+02 22.
  8.4912864685058594e+01 4.1654829101562500e+03 0 1
  2.6648364257812500e+02 1.9093370056152344e+02 20.
  9.9860534667968750e+01 4.0474133300781250e+03 0 -1
  2.6757321166992188e+02 1.9107086181640625e+02 17.
  1.0300051116943359e+02 4.0469704589843750e+03 0 -1
  2.6658303833007812e+02 2.5940158081054688e+02 15.
  1.8082429504394531e+02 3.4392897949218750e+03 0 -1
  2.3728552246093750e+02 2.5896795654296875e+02 16.
  3.5926290893554688e+02 3.4290361328125000e+03 0 -1
  2.4376840209960938e+02 1.9788142395019531e+02 16.
  9.9922065734863281e+01 3.4272707519531250e+03 0 1
  2.3777081298828125e+02 2.9277856445312500e+02 41.
  2.7702749633789062e+02 3.4050788574218750e+03 1 -1
  2.3993545532226562e+02 1.8967982482910156e+02 25.
  1.0286177062988281e+02 3.3986813964843750e+03 1 -1
  2.3968646240234375e+02 2.6345825195312500e+02 32.
  1.1149368286132812e+00 3.3912199707031250e+03 1 -1
  3.1361975097656250e+02 2.7482553100585938e+02 88.
  2.6717431640625000e+02 3.2555478515625000e+03 2 -1
  2.5142288208007812e+02 2.5786709594726562e+02 19.
  1.0923840332031250e+02 3.1550693359375000e+03 0 -1
  2.6384213256835938e+02 2.6342010498046875e+02 32.
  1.8401815795898438e+02 3.0998916015625000e+03 1 -1
  2.4524009704589844e+02 1.9665025329589844e+02 69.
  1.1005467414855957e+01 3.0538244628906250e+03 2 -1
  3.7839666748046875e+02 2.7571322631835938e+02 99.
  1.8718974304199219e+02 2.9400930175781250e+03 2 -1
  2.6295278930664062e+02 2.9347891235351562e+02 41.
  2.6122888183593750e+02 2.9121342773437500e+03 1 -1
  3.8928857421875000e+02 2.8872317504882812e+02 22.
  2.5581945800781250e+02 2.5879858398437500e+03 0 -1
  2.3214910888671875e+02 2.7391934204101562e+02 15.
  1.5376058816909790e+00 2.4847297363281250e+03 0 1
  2.7141128540039062e+02 2.7488638305664062e+02 15.
  1.9266139221191406e+02 2.2406811523437500e+03 0 1
  2.4427996826171875e+02 2.1300041198730469e+02 17.
  9.4093322753906250e+01 2.2024394531250000e+03 0 1
  3.6731945800781250e+02 1.9886108398437500e+02 67.
  9.4414138793945312e+01 2.1917229003906250e+03 2 -1
  3.8019259643554688e+02 2.0601084899902344e+02 108.
  9.5432197570800781e+01 1.7922608642578125e+03 2 -1
  2.4914755249023438e+02 2.9823388671875000e+02 19.
  2.7228936767578125e+02 1.5763132324218750e+03 0 -1
  2.5172222900390625e+02 2.7050454711914062e+02 16.
  2.8243167114257812e+02 1.5513641357421875e+03 0 -1
  3.9178826904296875e+02 2.0785356140136719e+02 108.
  1.7356771850585938e+02 1.5050062255859375e+03 2 -1
  2.5347708129882812e+02 2.9822409057617188e+02 20.
  2.6739685058593750e+02 1.5003751220703125e+03 0 -1
  2.5377067565917969e+02 3.0071002197265625e+02 31.
  2.6771603393554688e+02 1.4684091796875000e+03 1 -1
  2.5173435974121094e+02 3.0076669311523438e+02 32.
  2.6816342163085938e+02 1.4411678466796875e+03 1 -1
  2.5402682495117188e+02 3.0003561401367188e+02 27.
  2.6853735351562500e+02 1.3181230468750000e+03 0 -1
  3.0495565795898438e+02 2.4040904235839844e+02 16.
  1.9464616775512695e+00 1.2281890869140625e+03 0 1
  2.7654199218750000e+02 2.7059344482421875e+02 44.
  1.8246360778808594e+02 1.2178663330078125e+03 1 1
  2.6824151611328125e+02 2.5495558166503906e+02 14.
  1.7881423950195312e+02 1.1827585449218750e+03 0 -1
  2.6311956787109375e+02 1.9769367980957031e+02 47.
  9.8441612243652344e+01 1.1525040283203125e+03 1 -1
  3.1573226928710938e+02 2.2506986999511719e+02 36.
  5.4117002487182617e+00 1.1038884277343750e+03 1 -1
  2.9316497802734375e+02 2.6030804443359375e+02 15.
  3.5390615844726562e+02 1.0909412841796875e+03 0 -1
  2.6828942871093750e+02 2.3848469543457031e+02 14.
  1.7848683166503906e+02 1.0556938476562500e+03 0 -1
  3.6663253784179688e+02 1.8679234313964844e+02 25.
  1.1406263732910156e+02 1.0049662475585938e+03 0 -1
  2.3561541748046875e+02 2.5456787109375000e+02 14.
  2.4519691467285156e+00 1.0001640625000000e+03 0 -1
  2.9254107666015625e+02 2.3594354248046875e+02 17.
  3.5792620849609375e+02 9.9224487304687500e+02 0 -1
  2.4986399841308594e+02 2.3362950134277344e+02 85.
  9.1944828033447266e+00 9.7909277343750000e+02 2 -1
  2.2928170776367188e+02 2.7466171264648438e+02 29.
  5.1822586059570312e+00 9.7397985839843750e+02 0 1
  2.9025433349609375e+02 2.0442393493652344e+02 30.
  7.8147749900817871e+00 9.6983392333984375e+02 1 -1
  2.3577525329589844e+02 2.3748448181152344e+02 14.
  1.8216403722763062e+00 9.4835656738281250e+02 0 -1
  2.7162100219726562e+02 2.6339083862304688e+02 16.
  1.8428160095214844e+02 9.4705798339843750e+02 0 1
  2.8996707153320312e+02 2.0447758483886719e+02 29.
  9.1879787445068359e+00 9.1852264404296875e+02 0 -1
  2.2906152343750000e+02 2.7468719482421875e+02 29.
