<?xml version="1.0"?>
<opencv_storage>
<pose type_id="opencv-matrix">
  <rows>4</rows>
  <cols>4</cols>
  <dt>d</dt>
  <data>
    1. 0. 0. 0. 0. 5.0000005960464300e-01 -4.9999997019767761e-01
    4.0000000000000002e-01 0. 4.9999997019767761e-01
    5.0000005960464300e-01 2.0000000000000001e-01 0. 0. 0. 1.</data></pose>
</opencv_storage>
