<?xml version="1.0"?>
<opencv_storage>
<pose type_id="opencv-matrix">
  <rows>4</rows>
  <cols>4</cols>
  <dt>d</dt>
  <data>
    3.4228539891323351e-08 8.7422776749110680e-08
    -9.9999996577145633e-01 5.0000000000000000e-01 0.
    -9.9999993154291644e-01 -8.7422776749110680e-08 0.
    -9.9999996577146011e-01 0. 3.4228539868016955e-08 0. 0. 0. 0. 1.</data></pose>
</opencv_storage>
