<?xml version="1.0"?>
<opencv_storage>
<pose type_id="opencv-matrix">
  <rows>4</rows>
  <cols>4</cols>
  <dt>d</dt>
  <data>
    -1.0000000000000038e+00 0. 0. 0. 0. -1. -8.7422776573475858e-08 0.
    0. -8.7422776573475858e-08 9.9999999999999623e-01
    -2.0000000000000001e-01 0. 0. 0. 1.</data></pose>
</opencv_storage>
